Climat_Uzf.2019	2019	10	1	274	13.59	31.46	19.296	-999.9	0	3.59	10.2648610006419	411.65
Climat_Uzf.2019	2019	10	2	275	13.16	25.04	12.276	-999.9	0	6.06	15.5867850353478	411.65
Climat_Uzf.2019	2019	10	3	276	11.25	23.74	14.292	-999.9	0	5.48	14.9934851936187	411.65
Climat_Uzf.2019	2019	10	4	277	13.18	28.57	23.112	-999.9	0	4.11	16.0043087601454	411.65
Climat_Uzf.2019	2019	10	5	278	13.18	31.51	26.424	-999.9	0	4.44	13.9850648704966	411.65
Climat_Uzf.2019	2019	10	6	279	12.73	30.75	28.548	-999.9	0	4.49	10.9840124203852	411.65
Climat_Uzf.2019	2019	10	7	280	13.83	30.65	25.956	-999.9	0	4.51	10.4871591192537	411.65
Climat_Uzf.2019	2019	10	8	281	16.15	31.13	24.732	-999.9	0	4.77	13.0130357492315	411.65
Climat_Uzf.2019	2019	10	9	282	18.6	32.18	23.832	-999.9	0	5.06	13.2515021888013	411.65
Climat_Uzf.2019	2019	10	10	283	15.53	31.79	20.628	-999.9	0	5.28	12.9547785522008	411.65
Climat_Uzf.2019	2019	10	11	284	13.69	27.38	17.964	-999.9	0	8.12	16.8234972662518	411.65
Climat_Uzf.2019	2019	10	12	285	11.32	29.64	22.752	-999.9	0	4.88	15.4530815198845	411.65
Climat_Uzf.2019	2019	10	13	286	13.4	29.77	24.768	-999.9	0	3.73	14.9853381934905	411.65
Climat_Uzf.2019	2019	10	14	287	11.86	30.52	28.548	-999.9	0	5.17	11.3968510941214	411.65
Climat_Uzf.2019	2019	10	15	288	9.31	31.46	28.584	-999.9	0	5.26	10.9974439980978	411.65
Climat_Uzf.2019	2019	10	16	289	12.99	28.27	29.376	-999.9	0	6.34	12.1254403287074	411.65
Climat_Uzf.2019	2019	10	17	290	11.2	28.72	29.268	-999.9	0	5.65	11.0187773477862	411.65
Climat_Uzf.2019	2019	10	18	291	9.19	29.39	29.628	-999.9	0	3.35	9.91927549035202	411.65
Climat_Uzf.2019	2019	10	19	292	13.02	31.43	28.584	-999.9	0	2.65	11.0244291896484	411.65
Climat_Uzf.2019	2019	10	20	293	15.99	32.46	26.46	-999.9	0	2.52	12.471217971484	411.65
Climat_Uzf.2019	2019	10	21	294	16.61	35.31	26.424	-999.9	0	2.62	12.9638633296237	411.65
Climat_Uzf.2019	2019	10	22	295	18.53	35.34	25.668	-999.9	0	5.37	13.1899590979496	411.65
Climat_Uzf.2019	2019	10	23	296	19.48	32.92	27.756	-999.9	0	5.94	16.5294617194624	411.65
Climat_Uzf.2019	2019	10	24	297	19.1	35.53	26.712	-999.9	0	4.74	14.0738466251237	411.65
Climat_Uzf.2019	2019	10	25	298	19.1	33.26	26.568	-999.9	0	5.21	14.3303826387547	411.65
Climat_Uzf.2019	2019	10	26	299	18.58	34.65	28.8	-999.9	0	4.78	11.6953348961158	411.65
Climat_Uzf.2019	2019	10	27	300	21.06	34.15	27.684	-999.9	0	5.37	10.6830968983544	411.65
Climat_Uzf.2019	2019	10	28	301	20.01	35.61	27.396	-999.9	0	4.46	7.73410780851845	411.65
Climat_Uzf.2019	2019	10	29	302	19.37	36.23	20.124	-999.9	0	3.98	8.72358543850804	411.65
Climat_Uzf.2019	2019	10	30	303	18.13	32.46	23.58	-999.9	0	6.12	16.208867422789	411.65
Climat_Uzf.2019	2019	10	31	304	16.01	31.51	24.084	-999.9	0	5.38	14.9407773693108	411.65
Climat_Uzf.2019	2019	11	1	305	14.34	29.84	23.292	-999.9	0	5.91	17.0606703293588	411.65
Climat_Uzf.2019	2019	11	2	306	15.77	29.24	27.468	-999.9	0	5.02	15.5742369224524	411.65
Climat_Uzf.2019	2019	11	3	307	15.56	30.44	25.488	-999.9	0	3.77	12.8269358623186	411.65
Climat_Uzf.2019	2019	11	4	308	17.51	30.55	26.064	-999.9	0	5.81	11.5283025047885	411.65
Climat_Uzf.2019	2019	11	5	309	15.32	30.17	30.312	-999.9	0	5.38	11.5139191455361	411.65
Climat_Uzf.2019	2019	11	6	310	14.77	31.26	29.304	-999.9	0	4.3	12.181059776211	411.65
Climat_Uzf.2019	2019	11	7	311	18.01	31.46	25.848	-999.9	0	4.57	14.2616658858637	411.65
Climat_Uzf.2019	2019	11	8	312	20.22	33.29	25.884	-999.9	0	4.55	13.3247855068894	411.65
Climat_Uzf.2019	2019	11	9	313	19.46	32.15	24.84	-999.9	0	6.49	15.1341947949289	411.65
Climat_Uzf.2019	2019	11	10	314	17.2	29.04	23.976	-999.9	0	5.87	17.8321823632648	411.65
Climat_Uzf.2019	2019	11	11	315	17.44	31.08	23.256	-999.9	0	4.12	17.2626300421937	411.65
Climat_Uzf.2019	2019	11	12	316	19.34	29.04	22.068	-999.9	0	5.07	17.1711007312916	411.65
Climat_Uzf.2019	2019	11	13	317	17.13	25.99	15.624	-999.9	0	3.48	18.0111822056259	411.65
Climat_Uzf.2019	2019	11	14	318	17.13	29.49	18.612	-999.9	0	3	20.6202541067848	411.65
Climat_Uzf.2019	2019	11	15	319	18.27	28.79	21.24	-999.9	0	3.06	19.9439678331764	411.65
Climat_Uzf.2019	2019	11	16	320	16.92	32.02	24.588	-999.9	0	2.4	21.4457151467859	411.65
Climat_Uzf.2019	2019	11	17	321	16.34	27.01	17.928	-999.9	0	2.17	21.87962402345	411.65
Climat_Uzf.2019	2019	11	18	322	17.56	30.37	21.816	-999.9	0	2.79	21.4024018797395	411.65
Climat_Uzf.2019	2019	11	19	323	18.18	28.2	17.208	-999.9	9	4.13	22.3553123283706	411.65
Climat_Uzf.2019	2019	11	20	324	17.89	26.7	16.56	-999.9	0	2.38	20.9062401224887	411.65
Climat_Uzf.2019	2019	11	21	325	17.2	31.41	24.948	-999.9	0	3.09	21.3823401080183	411.65
Climat_Uzf.2019	2019	11	22	326	16.96	31.87	24.12	-999.9	13	2.54	21.4195377523553	411.65
Climat_Uzf.2019	2019	11	23	327	18.46	29.82	18.216	-999.9	0	3.22	21.5109108177871	411.65
Climat_Uzf.2019	2019	11	24	328	16.08	28	20.304	-999.9	0	2.08	20.7480640301596	411.65
Climat_Uzf.2019	2019	11	25	329	17.46	30.75	26.064	-999.9	14	3.07	20.6518648735862	411.65
Climat_Uzf.2019	2019	11	26	330	16.7	29.59	23.508	-999.9	0	4.39	20.571520920784	411.65
Climat_Uzf.2019	2019	11	27	331	15.56	28.79	27.288	-999.9	0	5.3	17.9089038556781	411.65
Climat_Uzf.2019	2019	11	28	332	16.2	28.89	27.324	-999.9	0	5.02	17.895015843152	411.65
Climat_Uzf.2019	2019	11	29	333	17.39	30.77	30.564	-999.9	0	4.8	15.637630696522	411.65
Climat_Uzf.2019	2019	11	30	334	17.11	30.95	30.384	-999.9	0	4.51	16.3408544777742	411.65
Climat_Uzf.2019	2019	12	1	335	18.56	31.79	27.792	-999.9	0	5.1	19.0496593408417	411.65
Climat_Uzf.2019	2019	12	2	336	19.34	30.29	27.504	-999.9	2.5	5.88	20.2739044369503	411.65
Climat_Uzf.2019	2019	12	3	337	18.37	32.12	29.052	-999.9	0	5.06	17.7262297757625	411.65
Climat_Uzf.2019	2019	12	4	338	16.49	32.46	29.088	-999.9	0	6.13	17.4738705246998	411.65
Climat_Uzf.2019	2019	12	5	339	16.92	27.85	22.392	-999.9	0	7.5	19.8536606686029	411.65
Climat_Uzf.2019	2019	12	6	340	16.15	26.33	18.972	-999.9	0	5.61	17.9399030732104	411.65
Climat_Uzf.2019	2019	12	7	341	15.32	30.9	27.216	-999.9	0	3.34	18.8804353452666	411.65
Climat_Uzf.2019	2019	12	8	342	17.61	30.02	24.264	-999.9	0	2.19	19.0062434029583	411.65
Climat_Uzf.2019	2019	12	9	343	17.58	26.08	15.048	-999.9	80.5	3.16	22.0677029044234	411.65
Climat_Uzf.2019	2019	12	10	344	16.87	20.6	8.352	-999.9	0	4.55	23.1465989021778	411.65
Climat_Uzf.2019	2019	12	11	345	17.06	25.23	15.084	-999.9	23.5	3.34	22.4578807566895	411.65
Climat_Uzf.2019	2019	12	12	346	17.94	26.96	17.568	-999.9	8	1.87	22.2657659798986	411.65
Climat_Uzf.2019	2019	12	13	347	16.56	26.87	20.88	-999.9	0	3.95	21.6750642543374	411.65
Climat_Uzf.2019	2019	12	14	348	15.68	26.65	25.848	-999.9	16	3.15	21.3061882018431	411.65
Climat_Uzf.2019	2019	12	15	349	15.84	30.8	29.52	-999.9	0	1.86	21.5613062086713	411.65
Climat_Uzf.2019	2019	12	16	350	15.63	29.21	27.144	-999.9	0	3.88	21.4396005272094	411.65
Climat_Uzf.2019	2019	12	17	351	15.8	28.67	23.832	-999.9	0	4.59	19.5450953247394	411.65
Climat_Uzf.2019	2019	12	18	352	14.67	29.34	27.072	-999.9	0	1.62	18.5233094204159	411.65
Climat_Uzf.2019	2019	12	19	353	16.27	30.67	30.528	-999.9	0	1.98	18.2201450968156	411.65
Climat_Uzf.2019	2019	12	20	354	17.72	32.12	30.42	-999.9	0	3.17	16.7772624185506	411.65
Climat_Uzf.2019	2019	12	21	355	17.37	30.65	29.088	-999.9	0	4.59	18.2476564359195	411.65
Climat_Uzf.2019	2019	12	22	356	17.03	29.82	31.068	-999.9	0	4.98	18.8466800422384	411.65
Climat_Uzf.2019	2019	12	23	357	16.15	30.39	31.572	-999.9	0	4.63	15.5107040025878	411.65
Climat_Uzf.2019	2019	12	24	358	15.03	30.85	30.276	-999.9	0	3.31	17.5095934555772	411.65
Climat_Uzf.2019	2019	12	25	359	18.34	32.69	27.324	-999.9	0	3.53	21.3258801000826	411.65
Climat_Uzf.2019	2019	12	26	360	18.94	31.89	26.82	-999.9	0	3.46	21.51804543223	411.65
Climat_Uzf.2019	2019	12	27	361	19.32	32.28	27.108	-999.9	0	3.48	20.9245280383339	411.65
Climat_Uzf.2019	2019	12	28	362	17.03	30.6	23.688	-999.9	0	6.47	20.2635346524599	411.65
Climat_Uzf.2019	2019	12	29	363	15.96	29.74	24.228	-999.9	0	5.22	19.3797616586716	411.65
Climat_Uzf.2019	2019	12	30	364	15.77	30.77	26.856	-999.9	0	3.45	19.0049669070288	411.65
Climat_Uzf.2019	2019	12	31	365	15.65	33	29.196	-999.9	0	3.55	16.6459126663515	411.65
