Climat_Uzf.2023	2023	1	1	1	15.4	27.9	22.1	-999.9	0	2.3	18	421.08
Climat_Uzf.2023	2023	1	2	2	17	27	18.4	-999.9	0	1.7	19.2	421.08
Climat_Uzf.2023	2023	1	3	3	16.5	24.4	16.2	-999.9	26	1.1	18	421.08
Climat_Uzf.2023	2023	1	4	4	16.1	26.9	24.2	-999.9	12	1.2	19.8	421.08
Climat_Uzf.2023	2023	1	5	5	17.3	29.1	19	-999.9	0	1.1	20.2	421.08
Climat_Uzf.2023	2023	1	6	6	19.2	26.1	17.5	-999.9	64	1.3	22	421.08
Climat_Uzf.2023	2023	1	7	7	18.4	26.4	14.9	-999.9	4	1.8	21.9	421.08
Climat_Uzf.2023	2023	1	8	8	17.9	23.8	12.6	-999.9	0	3.1	21.1	421.08
Climat_Uzf.2023	2023	1	9	9	16.3	26.5	18.7	-999.9	44	2.5	20.6	421.08
Climat_Uzf.2023	2023	1	10	10	17.5	28	22.5	-999.9	22	2.1	21.4	421.08
Climat_Uzf.2023	2023	1	11	11	17.4	25.9	21.6	-999.9	14	1.9	22.2	421.08
Climat_Uzf.2023	2023	1	12	12	14.1	27.1	25.4	-999.9	0	1.8	17.8	421.08
Climat_Uzf.2023	2023	1	13	13	15.9	27.2	24.2	-999.9	0	1.9	19	421.08
Climat_Uzf.2023	2023	1	14	14	16.3	27.2	22.5	-999.9	0	2	20.8	421.08
Climat_Uzf.2023	2023	1	15	15	17	25.8	25.4	-999.9	0	2.4	20.7	421.08
Climat_Uzf.2023	2023	1	16	16	17.1	25.4	20.8	-999.9	0	3	21.2	421.08
Climat_Uzf.2023	2023	1	17	17	16.6	23.8	14.6	-999.9	0	3.3	20.2	421.08
Climat_Uzf.2023	2023	1	18	18	17.3	27	15.8	-999.9	0	3.2	21.5	421.08
Climat_Uzf.2023	2023	1	19	19	17.6	26.3	19.7	-999.9	8	2.7	22.1	421.08
Climat_Uzf.2023	2023	1	20	20	18	25.1	19.1	-999.9	34	1.8	21.7	421.08
Climat_Uzf.2023	2023	1	21	21	17.7	25.4	17.2	-999.9	0	1.6	21.7	421.08
Climat_Uzf.2023	2023	1	22	22	17.8	25	16.7	-999.9	2	2	21.5	421.08
Climat_Uzf.2023	2023	1	23	23	17.7	22.5	11.5	-999.9	14	1.9	21	421.08
Climat_Uzf.2023	2023	1	24	24	16.5	23.3	17.5	-999.9	58	1.7	20.5	421.08
Climat_Uzf.2023	2023	1	25	25	17.5	23.5	9	-999.9	0	2	21	421.08
Climat_Uzf.2023	2023	1	26	26	16.7	25.8	19.8	-999.9	0	2.5	19	421.08
Climat_Uzf.2023	2023	1	27	27	14.1	27	23	-999.9	0	1.1	17.7	421.08
Climat_Uzf.2023	2023	1	28	28	16.7	28.3	26.5	-999.9	0	1	20.2	421.08
Climat_Uzf.2023	2023	1	29	29	17.3	28.3	28.1	-999.9	0	1.5	20.8	421.08
Climat_Uzf.2023	2023	1	30	30	16.9	26.6	25.8	-999.9	0	2.1	20.2	421.08
Climat_Uzf.2023	2023	1	31	31	18.1	24.6	23.6	-999.9	0	2.2	21.1	421.08
Climat_Uzf.2023	2023	2	1	32	18	26.9	24.5	-999.9	0	1.7	22	421.08
Climat_Uzf.2023	2023	2	2	33	17.7	28	22.7	-999.9	14	1.2	22.3	421.08
Climat_Uzf.2023	2023	2	3	34	18.3	28.6	22.5	-999.9	64	1.5	22.4	421.08
Climat_Uzf.2023	2023	2	4	35	19.1	27.7	19	-999.9	0	1.9	23.2	421.08
Climat_Uzf.2023	2023	2	5	36	18.8	24.8	15.7	-999.9	34	2.1	22.3	421.08
Climat_Uzf.2023	2023	2	6	37	16.1	27	21.8	-999.9	7	1.6	20.2	421.08
Climat_Uzf.2023	2023	2	7	38	15.1	27.1	25.7	-999.9	0	1.5	19.6	421.08
Climat_Uzf.2023	2023	2	8	39	16.9	26.7	25.5	-999.9	0	1.8	21.3	421.08
Climat_Uzf.2023	2023	2	9	40	17.4	25.8	21.4	-999.9	34	1.8	21.5	421.08
Climat_Uzf.2023	2023	2	10	41	17.5	26.3	19.6	-999.9	0	1.6	22.5	421.08
Climat_Uzf.2023	2023	2	11	42	18.2	27.1	21.5	-999.9	0	1.9	22.4	421.08
Climat_Uzf.2023	2023	2	12	43	18.1	25.9	13.5	-999.9	24	1.7	22	421.08
Climat_Uzf.2023	2023	2	13	44	18.1	22.8	15.2	-999.9	3	2.6	22	421.08
Climat_Uzf.2023	2023	2	14	45	17.6	25.8	13	-999.9	7	2.6	22.9	421.08
Climat_Uzf.2023	2023	2	15	46	18.4	25.5	14.4	-999.9	0	2	22.4	421.08
Climat_Uzf.2023	2023	2	16	47	17.9	26.1	16.2	-999.9	0	2.2	23.6	421.08
Climat_Uzf.2023	2023	2	17	48	17.7	26.5	17	-999.9	0	2.8	22.9	421.08
Climat_Uzf.2023	2023	2	18	49	17.6	24.4	13.8	-999.9	3	2.7	22	421.08
Climat_Uzf.2023	2023	2	19	50	17.1	25.8	21	-999.9	0	3	22	421.08
Climat_Uzf.2023	2023	2	20	51	18.2	23.6	17.9	-999.9	4	2.6	22.1	421.08
Climat_Uzf.2023	2023	2	21	52	18	29	25	-999.9	0	1.5	22.1	421.08
Climat_Uzf.2023	2023	2	22	53	17.5	23.4	16.1	-999.9	0	2.8	21.2	421.08
Climat_Uzf.2023	2023	2	23	54	16.1	24.4	16.1	-999.9	0	1.6	19.9	421.08
Climat_Uzf.2023	2023	2	24	55	14.9	24.8	22.5	-999.9	0	1.3	19.5	421.08
Climat_Uzf.2023	2023	2	25	56	17.8	27.1	24.3	-999.9	0	1.3	22.7	421.08
Climat_Uzf.2023	2023	2	26	57	17.5	27.8	24	-999.9	0	2.4	22.2	421.08
Climat_Uzf.2023	2023	2	27	58	16.9	27	16.4	-999.9	0	2.8	22	421.08
Climat_Uzf.2023	2023	2	28	59	16.7	25.4	19.9	-999.9	16	2.4	21.2	421.08
Climat_Uzf.2023	2023	3	1	60	16.1	27.7	23.5	-999.9	0	2.8	20.6	421.08
Climat_Uzf.2023	2023	3	2	61	16.9	27.6	23.6	-999.9	0	2.6	21.1	421.08
Climat_Uzf.2023	2023	3	3	62	16.8	27.2	19.6	-999.9	0	2.5	20.9	421.08
Climat_Uzf.2023	2023	3	4	63	17.7	27.2	24.3	-999.9	0	1.7	21.6	421.08
Climat_Uzf.2023	2023	3	5	64	17	28.2	23.1	-999.9	0	1.7	22.2	421.08
Climat_Uzf.2023	2023	3	6	65	17.7	29	23.4	-999.9	3	1.2	21.7	421.08
Climat_Uzf.2023	2023	3	7	66	15.8	28.9	21	-999.9	0	1.8	20.8	421.08
Climat_Uzf.2023	2023	3	8	67	16.2	29.1	23.8	-999.9	0	1.6	19.6	421.08
Climat_Uzf.2023	2023	3	9	68	14.1	30.2	25.9	-999.9	0	1.9	17	421.08
Climat_Uzf.2023	2023	3	10	69	14.6	28.8	22.4	-999.9	0	2.9	19.5	421.08
Climat_Uzf.2023	2023	3	11	70	16.7	29.1	22.9	-999.9	0	3.2	20.6	421.08
Climat_Uzf.2023	2023	3	12	71	17.9	28.2	18	-999.9	0	3.9	21.4	421.08
Climat_Uzf.2023	2023	3	13	72	15	25.1	18.5	-999.9	0	4.1	18.1	421.08
Climat_Uzf.2023	2023	3	14	73	14.9	24.6	14.9	-999.9	0	3.8	18.4	421.08
Climat_Uzf.2023	2023	3	15	74	13.7	26.1	18.8	-999.9	0	2.2	18	421.08
Climat_Uzf.2023	2023	3	16	75	14.7	26.4	21.1	-999.9	0	1.9	18.5	421.08
Climat_Uzf.2023	2023	3	17	76	16.5	25.1	18.1	-999.9	0	2	19.4	421.08
Climat_Uzf.2023	2023	3	18	77	16.6	25.6	20.2	-999.9	0	1.3	20.6	421.08
Climat_Uzf.2023	2023	3	19	78	16.6	28.3	24.8	-999.9	0	1.4	20.5	421.08
Climat_Uzf.2023	2023	3	20	79	15.4	28.2	23.5	-999.9	0	1.6	19.6	421.08
Climat_Uzf.2023	2023	3	21	80	14.1	27.8	25.4	-999.9	0	1.7	17.8	421.08
Climat_Uzf.2023	2023	3	22	81	15.8	27.3	17	-999.9	0	2.2	19.8	421.08
Climat_Uzf.2023	2023	3	23	82	16.9	27.8	17.5	-999.9	0	2.8	20.4	421.08
Climat_Uzf.2023	2023	3	24	83	15.9	27.6	23.4	-999.9	5	2.8	19.2	421.08
Climat_Uzf.2023	2023	3	25	84	16	27.3	21.6	-999.9	9	2.6	19.2	421.08
Climat_Uzf.2023	2023	3	26	85	13.4	28.5	23.2	-999.9	0	1.3	17.6	421.08
Climat_Uzf.2023	2023	3	27	86	16.7	28.7	19.2	-999.9	0	2.3	21	421.08
Climat_Uzf.2023	2023	3	28	87	13.6	26.1	12.5	-999.9	7	3.6	18	421.08
Climat_Uzf.2023	2023	3	29	88	13.5	27	14.4	-999.9	0	1.7	17.8	421.08
Climat_Uzf.2023	2023	3	30	89	15	28.1	24	-999.9	0	1.7	19.3	421.08
Climat_Uzf.2023	2023	3	31	90	16.5	27.8	23.1	-999.9	0	2.2	19.7	421.08
Climat_Uzf.2023	2023	4	1	91	14.8	28	23.3	-999.9	0	2.1	17	421.08
Climat_Uzf.2023	2023	4	2	92	14.7	27.8	21.4	-999.9	0	2.7	17.8	421.08
Climat_Uzf.2023	2023	4	3	93	14.6	26.4	19.6	-999.9	0	1.9	18.1	421.08
Climat_Uzf.2023	2023	4	4	94	14.8	29.1	24.6	-999.9	0	1.8	17.3	421.08
Climat_Uzf.2023	2023	4	5	95	13.6	28.4	21.5	-999.9	0	3	17.1	421.08
Climat_Uzf.2023	2023	4	6	96	15.7	27	21.8	-999.9	0	1.8	18.3	421.08
Climat_Uzf.2023	2023	4	7	97	14.6	27.8	21.1	-999.9	0	1.2	17.8	421.08
Climat_Uzf.2023	2023	4	8	98	14.5	28.9	23.5	-999.9	0	1.4	17.8	421.08
Climat_Uzf.2023	2023	4	9	99	14.7	28.5	22.5	-999.9	0	1.8	18.1	421.08
Climat_Uzf.2023	2023	4	10	100	16	30.2	22.4	-999.9	0	1.1	19.1	421.08
Climat_Uzf.2023	2023	4	11	101	16.7	29	17.2	-999.9	11	1.2	18.6	421.08
Climat_Uzf.2023	2023	4	12	102	15.4	28.6	16.8	-999.9	0	2.4	18.1	421.08
Climat_Uzf.2023	2023	4	13	103	15.6	28.3	19.2	-999.9	0	1.6	19.2	421.08
Climat_Uzf.2023	2023	4	14	104	16	29.1	22.9	-999.9	0	1	19	421.08
Climat_Uzf.2023	2023	4	15	105	14	28.2	21.6	-999.9	0	3.3	17.2	421.08
Climat_Uzf.2023	2023	4	16	106	14	26.3	10.4	-999.9	0	3.9	16.5	421.08
Climat_Uzf.2023	2023	4	17	107	12.7	27.3	21.5	-999.9	0	2.3	16.1	421.08
Climat_Uzf.2023	2023	4	18	108	13.5	27.8	20.3	-999.9	0	1.8	17	421.08
Climat_Uzf.2023	2023	4	19	109	14.7	28.2	21.7	-999.9	0	2	17.6	421.08
Climat_Uzf.2023	2023	4	20	110	14.7	28.8	23	-999.9	0	1.8	17.5	421.08
Climat_Uzf.2023	2023	4	21	111	15.1	29	21.1	-999.9	0	1.3	17.9	421.08
Climat_Uzf.2023	2023	4	22	112	15.9	29.9	19.9	-999.9	0	1.7	18.1	421.08
Climat_Uzf.2023	2023	4	23	113	15.7	31.4	23.1	-999.9	0	2	17.4	421.08
Climat_Uzf.2023	2023	4	24	114	15	31	22.7	-999.9	0	2.4	16.1	421.08
Climat_Uzf.2023	2023	4	25	115	11.9	31.4	22	-999.9	0	2	14.6	421.08
Climat_Uzf.2023	2023	4	26	116	11.6	30.1	22.4	-999.9	0	2.5	15.5	421.08
Climat_Uzf.2023	2023	4	27	117	12.8	29.4	21.6	-999.9	0	2.3	16.4	421.08
Climat_Uzf.2023	2023	4	28	118	13.1	28.1	22.6	-999.9	0	2.2	15.6	421.08
Climat_Uzf.2023	2023	4	29	119	11.2	28	23	-999.9	0	1	13.5	421.08
Climat_Uzf.2023	2023	4	30	120	11.7	29.3	21.8	-999.9	0	2.3	11.7	421.08
Climat_Uzf.2023	2023	5	1	121	11.9	26.7	18.1	-999.9	0	2.7	15.5	421.08
Climat_Uzf.2023	2023	5	2	122	13.7	27.5	20	-999.9	0	1.8	16.7	421.08
Climat_Uzf.2023	2023	5	3	123	13.3	27.6	18.2	-999.9	0	1.9	15.9	421.08
Climat_Uzf.2023	2023	5	4	124	11.6	26.8	17.7	-999.9	0	1.6	14.4	421.08
Climat_Uzf.2023	2023	5	5	125	11.6	28.9	22.2	-999.9	0	1.4	14.7	421.08
Climat_Uzf.2023	2023	5	6	126	10.8	28	21.7	-999.9	0	1.8	13.6	421.08
Climat_Uzf.2023	2023	5	7	127	9.8	27.6	21.5	-999.9	0	2.2	13.2	421.08
Climat_Uzf.2023	2023	5	8	128	9.2	26.8	21.9	-999.9	0	2.4	12.4	421.08
Climat_Uzf.2023	2023	5	9	129	10.1	26.3	21.1	-999.9	0	2	14.1	421.08
Climat_Uzf.2023	2023	5	10	130	11.3	24.6	18.9	-999.9	0	1.5	15	421.08
Climat_Uzf.2023	2023	5	11	131	13.2	24.4	18.5	-999.9	0	1.1	15.8	421.08
Climat_Uzf.2023	2023	5	12	132	12.6	26.6	18.6	-999.9	0	0.8	14.9	421.08
Climat_Uzf.2023	2023	5	13	133	12.6	26.6	18	-999.9	0	1.4	14.6	421.08
Climat_Uzf.2023	2023	5	14	134	11.9	26.8	17.7	-999.9	0	1.5	14.8	421.08
Climat_Uzf.2023	2023	5	15	135	11.4	27.7	18.5	-999.9	0	1.5	14.4	421.08
Climat_Uzf.2023	2023	5	16	136	11.1	26.3	19.9	-999.9	0	2.1	14.7	421.08
Climat_Uzf.2023	2023	5	17	137	13.6	26.8	18.8	-999.9	0	1.5	17.3	421.08
Climat_Uzf.2023	2023	5	18	138	13.6	28.8	19.7	-999.9	0	1.5	16.2	421.08
Climat_Uzf.2023	2023	5	19	139	14.8	29.1	17.9	-999.9	0	0.9	13.7	421.08
Climat_Uzf.2023	2023	5	20	140	15.2	28.5	17.5	-999.9	0	1.2	14.4	421.08
Climat_Uzf.2023	2023	5	21	141	14.5	28	18.5	-999.9	0	1.4	16.8	421.08
Climat_Uzf.2023	2023	5	22	142	14.5	28.1	17.1	-999.9	0	1.1	14.9	421.08
Climat_Uzf.2023	2023	5	23	143	13.4	26.5	19	-999.9	0	1.8	14.3	421.08
Climat_Uzf.2023	2023	5	24	144	13.3	28.6	19.6	-999.9	0	1.1	16.2	421.08
Climat_Uzf.2023	2023	5	25	145	12.7	28.1	19.3	-999.9	0	1.3	15.6	421.08
Climat_Uzf.2023	2023	5	26	146	12.4	28.8	19.4	-999.9	0	1.4	16.1	421.08
Climat_Uzf.2023	2023	5	27	147	11	26.1	19.7	-999.9	0	2.6	14.1	421.08
Climat_Uzf.2023	2023	5	28	148	9.2	23.9	19.6	-999.9	0	2.7	12.7	421.08
Climat_Uzf.2023	2023	5	29	149	8.9	24.8	18.6	-999.9	0	2.3	12.9	421.08
Climat_Uzf.2023	2023	5	30	150	9.3	24.8	16.9	-999.9	0	2.2	13.6	421.08
Climat_Uzf.2023	2023	5	31	151	10.4	26.2	19	-999.9	0	1.4	13.2	421.08
Climat_Uzf.2023	2023	6	1	152	11.6	27.4	19.6	-999.9	0	1.3	13.3	421.08
Climat_Uzf.2023	2023	6	2	153	13.2	27.6	18.5	-999.9	0	1.3	13.3	421.08
Climat_Uzf.2023	2023	6	3	154	13.2	27.6	18.7	-999.9	0	1.8	12.4	421.08
Climat_Uzf.2023	2023	6	4	155	11.7	27.3	19.2	-999.9	0	1.8	11.9	421.08
Climat_Uzf.2023	2023	6	5	156	12.7	28.2	19.4	-999.9	0	1.2	12.5	421.08
Climat_Uzf.2023	2023	6	6	157	12	27.6	19.2	-999.9	0	2.4	12.1	421.08
Climat_Uzf.2023	2023	6	7	158	10.1	25.8	18.3	-999.9	0	2.5	14	421.08
Climat_Uzf.2023	2023	6	8	159	11.1	27.3	17.3	-999.9	0	1.4	14.3	421.08
Climat_Uzf.2023	2023	6	9	160	14.1	27.6	13	-999.9	0	1	12.8	421.08
Climat_Uzf.2023	2023	6	10	161	13	28.3	16.6	-999.9	0	1.7	10.8	421.08
Climat_Uzf.2023	2023	6	11	162	12.2	26.2	17.8	-999.9	0	2.3	12.2	421.08
Climat_Uzf.2023	2023	6	12	163	10.4	25.8	18	-999.9	0	1.2	13	421.08
Climat_Uzf.2023	2023	6	13	164	11.2	27.5	16.7	-999.9	0	2.1	11.3	421.08
Climat_Uzf.2023	2023	6	14	165	9.9	27.9	18.1	-999.9	0	1.4	8.6	421.08
Climat_Uzf.2023	2023	6	15	166	8.8	27.7	18.3	-999.9	0	1.3	7	421.08
Climat_Uzf.2023	2023	6	16	167	12.1	28.2	18.3	-999.9	0	1.5	9.6	421.08
Climat_Uzf.2023	2023	6	17	168	8.6	25.5	18.2	-999.9	0	2.5	8.6	421.08
Climat_Uzf.2023	2023	6	18	169	9.6	26.4	18.6	-999.9	0	1.4	11.2	421.08
Climat_Uzf.2023	2023	6	19	170	9.5	25.8	18.6	-999.9	0	1.3	11.7	421.08
Climat_Uzf.2023	2023	6	20	171	11	26.8	18.9	-999.9	0	1.1	9.5	421.08
Climat_Uzf.2023	2023	6	21	172	8.4	25.1	18.7	-999.9	0	2.2	8.1	421.08
Climat_Uzf.2023	2023	6	22	173	7.7	25.8	18.6	-999.9	0	2.3	8.9	421.08
Climat_Uzf.2023	2023	6	23	174	8.6	23.4	18.1	-999.9	0	2.9	12.4	421.08
Climat_Uzf.2023	2023	6	24	175	9.9	23.8	18	-999.9	0	2.5	13	421.08
Climat_Uzf.2023	2023	6	25	176	7	22.9	19.1	-999.9	0	1.9	10.9	421.08
Climat_Uzf.2023	2023	6	26	177	6.3	23.1	19.3	-999.9	0	1.7	10.2	421.08
Climat_Uzf.2023	2023	6	27	178	5.9	22.6	19.1	-999.9	0	2	9	421.08
Climat_Uzf.2023	2023	6	28	179	7	23.7	18.6	-999.9	0	2	10.7	421.08
Climat_Uzf.2023	2023	6	29	180	7.3	25.7	18.3	-999.9	0	1.4	10.7	421.08
Climat_Uzf.2023	2023	6	30	181	9.5	26.4	18.1	-999.9	0	1.8	10.7	421.08
Climat_Uzf.2023	2023	7	1	182	9.4	23.7	18.3	-999.9	0	2.9	10.7	421.08
Climat_Uzf.2023	2023	7	2	183	7.6	22.1	18.5	-999.9	0	2.7	11.6	421.08
Climat_Uzf.2023	2023	7	3	184	10.1	22.2	8.5	-999.9	0	3.1	12.8	421.08
Climat_Uzf.2023	2023	7	4	185	7.9	22.1	9.2	-999.9	0	1.9	11.9	421.08
Climat_Uzf.2023	2023	7	5	186	8.9	23.5	14.6	-999.9	0	1.6	12.1	421.08
Climat_Uzf.2023	2023	7	6	187	8.6	22.6	16.1	-999.9	0	3.2	11	421.08
Climat_Uzf.2023	2023	7	7	188	9.2	21.2	16.9	-999.9	0	3.3	12.6	421.08
Climat_Uzf.2023	2023	7	8	189	8.5	21.7	19	-999.9	0	1.6	11	421.08
Climat_Uzf.2023	2023	7	9	190	8	24.6	18.6	-999.9	0	1.5	10.2	421.08
Climat_Uzf.2023	2023	7	10	191	9.2	25.1	18.7	-999.9	0	2.7	9.5	421.08
Climat_Uzf.2023	2023	7	11	192	6.2	17.8	12.2	-999.9	0	5.1	9.4	421.08
Climat_Uzf.2023	2023	7	12	193	5.9	19.9	18.3	-999.9	0	4.5	9.1	421.08
Climat_Uzf.2023	2023	7	13	194	6.2	20.3	18	-999.9	0	3	10	421.08
Climat_Uzf.2023	2023	7	14	195	5	19.8	16.1	-999.9	0	3.1	9.9	421.08
Climat_Uzf.2023	2023	7	15	196	7.8	21.1	13	-999.9	0	2.3	11	421.08
Climat_Uzf.2023	2023	7	16	197	6	22.6	18.2	-999.9	0	2.1	10.2	421.08
Climat_Uzf.2023	2023	7	17	198	6.6	23	19.9	-999.9	0	2.8	8.7	421.08
Climat_Uzf.2023	2023	7	18	199	5.4	22.4	20.2	-999.9	0	2.1	9	421.08
Climat_Uzf.2023	2023	7	19	200	6.2	24.4	19.8	-999.9	0	0.9	9.1	421.08
Climat_Uzf.2023	2023	7	20	201	8.4	25	17.7	-999.9	0	2.5	9.5	421.08
Climat_Uzf.2023	2023	7	21	202	10.4	22.7	14.2	-999.9	0	3.4	13	421.08
Climat_Uzf.2023	2023	7	22	203	9.7	23.7	18.1	-999.9	0	3	13.5	421.08
Climat_Uzf.2023	2023	7	23	204	10	24.8	18.6	-999.9	0	1.9	12.9	421.08
Climat_Uzf.2023	2023	7	24	205	9.2	26.7	19.6	-999.9	0	1	10.8	421.08
Climat_Uzf.2023	2023	7	25	206	8.4	25.4	19.8	-999.9	0	3.2	10.5	421.08
Climat_Uzf.2023	2023	7	26	207	11	23.8	15.4	-999.9	0	3.3	14.1	421.08
Climat_Uzf.2023	2023	7	27	208	9.1	24.8	18.6	-999.9	0	2.1	12	421.08
Climat_Uzf.2023	2023	7	28	209	7.7	25.3	20.5	-999.9	0	1.7	10.4	421.08
Climat_Uzf.2023	2023	7	29	210	9.3	27.1	20.4	-999.9	0	1.7	10.8	421.08
Climat_Uzf.2023	2023	7	30	211	13.4	30.2	20.6	-999.9	0	1.5	10.6	421.08
Climat_Uzf.2023	2023	7	31	212	10.8	27.7	19.8	-999.9	0	2.7	8.8	421.08
Climat_Uzf.2023	2023	8	1	213	9.7	25.2	16	-999.9	0	3.4	11.5	421.08
Climat_Uzf.2023	2023	8	2	214	8.6	18.8	16	-999.9	0	4.6	11.9	421.08
Climat_Uzf.2023	2023	8	3	215	7.4	18.9	11.6	-999.9	0	3.3	11	421.08
Climat_Uzf.2023	2023	8	4	216	6.9	19.7	19.2	-999.9	0	2.7	11.7	421.08
Climat_Uzf.2023	2023	8	5	217	8.7	20.4	16.6	-999.9	0	2.8	13.2	421.08
Climat_Uzf.2023	2023	8	6	218	10	20.9	14.3	-999.9	0	2.8	14.2	421.08
Climat_Uzf.2023	2023	8	7	219	10.5	22	16.9	-999.9	0	2	14.4	421.08
Climat_Uzf.2023	2023	8	8	220	8.8	22.2	20.5	-999.9	0	2.4	11.8	421.08
Climat_Uzf.2023	2023	8	9	221	6.9	21.5	20.8	-999.9	0	3.1	10.8	421.08
Climat_Uzf.2023	2023	8	10	222	8.3	20.2	9.2	-999.9	0	3.7	12.8	421.08
Climat_Uzf.2023	2023	8	11	223	8.5	20.7	15.6	-999.9	0	2.4	12.1	421.08
Climat_Uzf.2023	2023	8	12	224	6.8	20.7	14.3	-999.9	0	1.2	11.6	421.08
Climat_Uzf.2023	2023	8	13	225	8	22.4	17.4	-999.9	0	1.1	11.5	421.08
Climat_Uzf.2023	2023	8	14	226	7.6	23.4	21.1	-999.9	0	1.2	10.9	421.08
Climat_Uzf.2023	2023	8	15	227	11	25.5	21.4	-999.9	0	1.3	11.5	421.08
Climat_Uzf.2023	2023	8	16	228	9.1	24.2	21.5	-999.9	0	3.4	11.4	421.08
Climat_Uzf.2023	2023	8	17	229	9.8	23.2	21.5	-999.9	0	2.9	13.7	421.08
Climat_Uzf.2023	2023	8	18	230	8	24.8	21.7	-999.9	0	1.5	12.6	421.08
Climat_Uzf.2023	2023	8	19	231	11	25.9	21.9	-999.9	0	1.6	11.6	421.08
Climat_Uzf.2023	2023	8	20	232	8.9	26.1	22	-999.9	0	1.5	11.7	421.08
Climat_Uzf.2023	2023	8	21	233	12.4	27.1	22	-999.9	0	1.4	12.7	421.08
Climat_Uzf.2023	2023	8	22	234	11.8	28.3	22	-999.9	0	1.9	12.8	421.08
Climat_Uzf.2023	2023	8	23	235	10.6	27.8	22.2	-999.9	0	2.3	11.8	421.08
Climat_Uzf.2023	2023	8	24	236	10.7	27.1	22.2	-999.9	0	2.8	11.9	421.08
Climat_Uzf.2023	2023	8	25	237	10.2	26.1	22.4	-999.9	0	3	12.5	421.08
Climat_Uzf.2023	2023	8	26	238	13.2	30	22.5	-999.9	0	1.3	12.3	421.08
Climat_Uzf.2023	2023	8	27	239	12.8	26.4	21.9	-999.9	0	5.3	14.2	421.08
Climat_Uzf.2023	2023	8	28	240	8.7	21.6	22	-999.9	0	5.2	11.8	421.08
Climat_Uzf.2023	2023	8	29	241	7.6	22	22.7	-999.9	0	3.6	11.5	421.08
Climat_Uzf.2023	2023	8	30	242	8.5	22.2	22.8	-999.9	0	2.7	12.3	421.08
Climat_Uzf.2023	2023	8	31	243	8.4	23.7	23	-999.9	0	1	12.2	421.08
Climat_Uzf.2023	2023	9	1	244	11.6	26.3	22.5	-999.9	0	0.9	11.2	421.08
Climat_Uzf.2023	2023	9	2	245	10.2	26.6	22.4	-999.9	0	2	11.5	421.08
Climat_Uzf.2023	2023	9	3	246	10.3	26.6	22.6	-999.9	0	2	12.5	421.08
Climat_Uzf.2023	2023	9	4	247	10.1	26.6	22.6	-999.9	0	2.3	13.5	421.08
Climat_Uzf.2023	2023	9	5	248	10	26.5	23	-999.9	0	2.1	12.7	421.08
Climat_Uzf.2023	2023	9	6	249	11.4	28.8	23.2	-999.9	0	2.1	12.7	421.08
Climat_Uzf.2023	2023	9	7	250	10.7	28	23.3	-999.9	0	2.5	12.8	421.08
Climat_Uzf.2023	2023	9	8	251	10.8	28.5	23.2	-999.9	0	2.6	14.1	421.08
Climat_Uzf.2023	2023	9	9	252	10.4	26.9	23.4	-999.9	0	2.5	13.7	421.08
Climat_Uzf.2023	2023	9	10	253	10.2	27.4	23.7	-999.9	0	1.9	12.1	421.08
Climat_Uzf.2023	2023	9	11	254	13.6	29.8	23.6	-999.9	0	1.8	11.9	421.08
Climat_Uzf.2023	2023	9	12	255	15.2	30.4	23.4	-999.9	0	3.1	12.7	421.08
Climat_Uzf.2023	2023	9	13	256	11.6	25.8	20	-999.9	0	5.5	14.7	421.08
Climat_Uzf.2023	2023	9	14	257	11.8	26	23.4	-999.9	0	3.3	14.8	421.08
Climat_Uzf.2023	2023	9	15	258	10.6	27.8	23.9	-999.9	0	2	14.2	421.08
Climat_Uzf.2023	2023	9	16	259	13.8	30	24.2	-999.9	0	1.4	12.4	421.08
Climat_Uzf.2023	2023	9	17	260	16.2	32.2	24.2	-999.9	0	2.3	12.9	421.08
Climat_Uzf.2023	2023	9	18	261	14.9	29	24.2	-999.9	0	4.3	15.1	421.08
Climat_Uzf.2023	2023	9	19	262	14.4	28.3	24.4	-999.9	0	3	15.8	421.08
Climat_Uzf.2023	2023	9	20	263	11.9	30.1	24.4	-999.9	0	2	13.1	421.08
Climat_Uzf.2023	2023	9	21	264	13.7	30.2	24.1	-999.9	0	3.2	13.7	421.08
Climat_Uzf.2023	2023	9	22	265	12.6	30	25	-999.9	0	3.2	13.3	421.08
Climat_Uzf.2023	2023	9	23	266	12.7	29.3	23.3	-999.9	0	2.9	13	421.08
Climat_Uzf.2023	2023	9	24	267	14	30	23.6	-999.9	0	3	14.3	421.08
Climat_Uzf.2023	2023	9	25	268	14.7	30.2	24.1	-999.9	0	3.3	15.3	421.08
Climat_Uzf.2023	2023	9	26	269	15.9	31.8	23.9	-999.9	0	2.3	15.7	421.08
Climat_Uzf.2023	2023	9	27	270	18.6	30.6	22.2	-999.9	0	2.7	16.3	421.08
Climat_Uzf.2023	2023	9	28	271	16.4	29.4	23.7	-999.9	0	3.5	16.8	421.08
Climat_Uzf.2023	2023	9	29	272	17.2	29.2	22.9	-999.9	0	3.3	18.3	421.08
Climat_Uzf.2023	2023	9	30	273	16.2	30	23.1	-999.9	0	2.2	17.4	421.08
Climat_Uzf.2023	2023	10	1	274	17.9	32.2	23.4	-999.9	0	2.8	16.4	421.08
Climat_Uzf.2023	2023	10	2	275	15.5	29.4	24.1	-999.9	0	5.3	16.5	421.08
Climat_Uzf.2023	2023	10	3	276	13.2	28.3	26.5	-999.9	0	3.5	14	421.08
Climat_Uzf.2023	2023	10	4	277	10.1	28.7	27.4	-999.9	0	3.1	10.6	421.08
Climat_Uzf.2023	2023	10	5	278	11.4	29.9	26.9	-999.9	0	2.9	11.2	421.08
Climat_Uzf.2023	2023	10	6	279	14.9	30.9	25.3	-999.9	0	2.9	14.5	421.08
Climat_Uzf.2023	2023	10	7	280	15.9	32	22.9	-999.9	0	3.1	14.3	421.08
Climat_Uzf.2023	2023	10	8	281	16.5	34.3	25.7	-999.9	0	2.6	13.6	421.08
Climat_Uzf.2023	2023	10	9	282	17.5	31.6	26.8	-999.9	0	4.4	14.7	421.08
Climat_Uzf.2023	2023	10	10	283	14.7	30.5	24.9	-999.9	0	3.6	15.9	421.08
Climat_Uzf.2023	2023	10	11	284	15.9	30.9	26.9	-999.9	0	3.6	16.1	421.08
Climat_Uzf.2023	2023	10	12	285	15.4	32.6	26.9	-999.9	0	2.8	13.6	421.08
Climat_Uzf.2023	2023	10	13	286	17.3	35.5	27	-999.9	0	2	13	421.08
Climat_Uzf.2023	2023	10	14	287	19.8	36.2	26.5	-999.9	0	2.5	15	421.08
Climat_Uzf.2023	2023	10	15	288	19	31	18.8	-999.9	0	3.8	19.5	421.08
Climat_Uzf.2023	2023	10	16	289	17.9	29.4	18.8	-999.9	0	3	21.1	421.08
Climat_Uzf.2023	2023	10	17	290	17.7	26.3	12.5	-999.9	0	2.2	20.8	421.08
Climat_Uzf.2023	2023	10	18	291	16.3	24.5	22.9	-999.9	0	2.4	19.1	421.08
Climat_Uzf.2023	2023	10	19	292	15.9	28.6	20.5	-999.9	0	3.4	18.2	421.08
Climat_Uzf.2023	2023	10	20	293	14.8	29.4	22	-999.9	0	3.3	17.1	421.08
Climat_Uzf.2023	2023	10	21	294	13.8	29.2	23.8	-999.9	0	1.9	16.5	421.08
Climat_Uzf.2023	2023	10	22	295	18.5	30	22.4	-999.9	0	2	19.1	421.08
Climat_Uzf.2023	2023	10	23	296	18.2	32.4	20.5	-999.9	0	2	18.2	421.08
Climat_Uzf.2023	2023	10	24	297	17.2	32.2	27.1	-999.9	0	2	18.9	421.08
Climat_Uzf.2023	2023	10	25	298	20.4	35.3	26.5	-999.9	0	2.5	18.3	421.08
Climat_Uzf.2023	2023	10	26	299	19.4	32.7	26.5	-999.9	0	4	20.5	421.08
Climat_Uzf.2023	2023	10	27	300	17	31.9	28.4	-999.9	0	3.1	17.7	421.08
Climat_Uzf.2023	2023	10	28	301	15.3	33.1	28.2	-999.9	0	2.5	16.4	421.08
Climat_Uzf.2023	2023	10	29	302	17	33.8	26.2	-999.9	0	3.6	16.5	421.08
Climat_Uzf.2023	2023	10	30	303	17.2	25.6	9.1	-999.9	0	6.1	17	421.08
Climat_Uzf.2023	2023	10	31	304	15.1	27.1	13.7	-999.9	0	4.7	16.7	421.08
