Climat_Dtc.2020	2020	1	1	1	19.77	27.79	23.724	-999.9	0	4.34	19.2537624731402	414.21
Climat_Dtc.2020	2020	1	2	2	19.27	29.2	23.22	-999.9	0	4.07	20.3401514773969	414.21
Climat_Dtc.2020	2020	1	3	3	19.72	30.4	27.576	-999.9	0	5.07	19.8896762811561	414.21
Climat_Dtc.2020	2020	1	4	4	18.02	29.61	20.196	-999.9	0	4.12	20.6871016253651	414.21
Climat_Dtc.2020	2020	1	5	5	18.81	30.05	27.792	-999.9	0	3.31	20.0749321844642	414.21
Climat_Dtc.2020	2020	1	6	6	17.67	30.83	26.604	-999.9	4	2	19.4300014636768	414.21
Climat_Dtc.2020	2020	1	7	7	18.81	29.7	24.876	-999.9	0	3.26	20.7925853136952	414.21
Climat_Dtc.2020	2020	1	8	8	18.7	29.44	25.056	-999.9	0	3.2	22.9790343537498	414.21
Climat_Dtc.2020	2020	1	9	9	18.32	29.75	23.148	-999.9	20	1.55	22.1630510005597	414.21
Climat_Dtc.2020	2020	1	10	10	18.37	27.67	23.472	-999.9	8	3.95	23.3957610831477	414.21
Climat_Dtc.2020	2020	1	11	11	17.8	24.15	20.016	-999.9	11	3.38	22.1502356283317	414.21
Climat_Dtc.2020	2020	1	12	12	17.38	26.19	19.368	-999.9	0	2.8	22.523904380004	414.21
Climat_Dtc.2020	2020	1	13	13	17.54	24.12	20.484	-999.9	15	3.66	21.7158495415036	414.21
Climat_Dtc.2020	2020	1	14	14	17.18	24.98	22.068	-999.9	3	3.98	20.7333623383552	414.21
Climat_Dtc.2020	2020	1	15	15	18.33	25.43	16.236	-999.9	22	2.77	21.5696098109965	414.21
Climat_Dtc.2020	2020	1	16	16	18.42	25.13	15.984	-999.9	6	2.8	22.2166224163619	414.21
Climat_Dtc.2020	2020	1	17	17	17.23	24.95	20.592	-999.9	8	2.56	22.8731372168813	414.21
Climat_Dtc.2020	2020	1	18	18	17.46	26.65	19.512	-999.9	0	3.59	25.0843534806018	414.21
Climat_Dtc.2020	2020	1	19	19	17.64	25.88	15.12	-999.9	0	2.75	23.8970082511479	414.21
Climat_Dtc.2020	2020	1	20	20	15.6	20.75	13.86	-999.9	0	4.37	21.7535356460977	414.21
Climat_Dtc.2020	2020	1	21	21	14.31	20.66	21.708	-999.9	0	4.73	18.9087926106736	414.21
Climat_Dtc.2020	2020	1	22	22	16.74	26.21	29.232	-999.9	0	2.88	18.0247699084233	414.21
Climat_Dtc.2020	2020	1	23	23	14.11	25.65	29.268	-999.9	0	2.3	18.0068488189179	414.21
Climat_Dtc.2020	2020	1	24	24	15.59	25.18	26.604	-999.9	0	3.69	20.2773007994726	414.21
Climat_Dtc.2020	2020	1	25	25	17.87	27	25.2	-999.9	0	3.55	20.0093795848806	414.21
Climat_Dtc.2020	2020	1	26	26	15.43	28.06	28.368	-999.9	0	2.19	20.0709448482762	414.21
Climat_Dtc.2020	2020	1	27	27	20.58	30.97	28.8	-999.9	0	3.11	18.4605305240662	414.21
Climat_Dtc.2020	2020	1	28	28	18.79	24.94	24.264	-999.9	0	4.34	19.2906345581141	414.21
Climat_Dtc.2020	2020	1	29	29	17.2	27.86	21.96	-999.9	2	4.24	22.2238289113343	414.21
Climat_Dtc.2020	2020	1	30	30	18.39	25.3	14.58	-999.9	6	4.27	21.0169365880451	414.21
Climat_Dtc.2020	2020	1	31	31	16.4	24.94	18.144	-999.9	2	3.66	17.358732108116	414.21
Climat_Dtc.2020	2020	2	1	32	15.57	26.22	28.224	-999.9	0	3.66	17.341236481239	414.21
Climat_Dtc.2020	2020	2	2	33	16.36	26.47	24.48	-999.9	0	4.18	18.1965797446531	414.21
Climat_Dtc.2020	2020	2	3	34	15.99	25.57	25.992	-999.9	0	4.11	19.7070500473268	414.21
Climat_Dtc.2020	2020	2	4	35	18.52	26.7	26.028	-999.9	0	3.94	20.5664656918163	414.21
Climat_Dtc.2020	2020	2	5	36	18.53	28.57	24.768	-999.9	0	3.23	21.5184832194565	414.21
Climat_Dtc.2020	2020	2	6	37	18.14	28.91	16.812	-999.9	0	3.58	22.9175767941512	414.21
Climat_Dtc.2020	2020	2	7	38	18.78	27.55	17.784	-999.9	0	3.83	22.1171924102733	414.21
Climat_Dtc.2020	2020	2	8	39	17.7	27.06	12.492	-999.9	10	5.1	23.5567633698376	414.21
Climat_Dtc.2020	2020	2	9	40	16.74	25.65	13.608	-999.9	12	3.92	23.9212339484265	414.21
Climat_Dtc.2020	2020	2	10	41	17.66	24.76	19.764	-999.9	2	5.11	23.3113996793521	414.21
Climat_Dtc.2020	2020	2	11	42	16.41	22.99	11.124	-999.9	12	3.48	22.7044406933583	414.21
Climat_Dtc.2020	2020	2	12	43	16.26	22.13	10.8	-999.9	0	4.91	20.8115445573504	414.21
Climat_Dtc.2020	2020	2	13	44	17.94	25.06	14.364	-999.9	31	6.62	20.3274607439932	414.21
Climat_Dtc.2020	2020	2	14	45	16.99	25.51	14.904	-999.9	19	5.58	22.2256819179114	414.21
Climat_Dtc.2020	2020	2	15	46	17.79	26.45	17.964	-999.9	10	3.14	23.7010159799092	414.21
Climat_Dtc.2020	2020	2	16	47	17.77	26.07	16.056	-999.9	18	3.59	24.3689982880108	414.21
Climat_Dtc.2020	2020	2	17	48	17.79	27.9	25.128	-999.9	16	3.24	22.2309545151116	414.21
Climat_Dtc.2020	2020	2	18	49	17.02	27.97	27.396	-999.9	0	2.95	20.8766808655417	414.21
Climat_Dtc.2020	2020	2	19	50	18.02	26.31	24.12	-999.9	0	2.99	20.6635171751821	414.21
Climat_Dtc.2020	2020	2	20	51	17.73	28.06	25.164	-999.9	0	1.51	20.6706604920194	414.21
Climat_Dtc.2020	2020	2	21	52	18.52	29.83	25.128	-999.9	0	1.37	21.9229051546651	414.21
Climat_Dtc.2020	2020	2	22	53	17.76	29.83	24.696	-999.9	0	1.55	23.4749601036871	414.21
Climat_Dtc.2020	2020	2	23	54	17.33	28.69	20.592	-999.9	0	2.34	24.1214017947277	414.21
Climat_Dtc.2020	2020	2	24	55	15.53	20.27	9.036	-999.9	0	5.34	20.3538211211302	414.21
Climat_Dtc.2020	2020	2	25	56	15.35	22.5	18.756	-999.9	0	3.63	18.8084987825468	414.21
Climat_Dtc.2020	2020	2	26	57	15.71	25.41	22.392	-999.9	0	2.57	18.2468813958607	414.21
Climat_Dtc.2020	2020	2	27	58	13.85	26.64	26.388	-999.9	0	2.38	19.7819355684472	414.21
Climat_Dtc.2020	2020	2	28	59	14.8	27.46	27.432	-999.9	0	1.9	19.8347439982069	414.21
Climat_Dtc.2020	2020	2	29	60	18.01	26.08	23.904	-999.9	0	4.34	20.2875278728635	414.21
Climat_Dtc.2020	2020	3	1	61	15.55	24.01	23.148	-999.9	0	4.53	19.3897318747419	414.21
Climat_Dtc.2020	2020	3	2	62	15.5	23.21	18.648	-999.9	4	3.32	17.6927919281874	414.21
Climat_Dtc.2020	2020	3	3	63	13.89	24.07	13.788	-999.9	0	3.55	17.1708737316399	414.21
Climat_Dtc.2020	2020	3	4	64	16.03	22.33	16.704	-999.9	0	4.22	18.3533063230322	414.21
Climat_Dtc.2020	2020	3	5	65	14.44	24.05	18.324	-999.9	0	3.09	17.1771890164925	414.21
Climat_Dtc.2020	2020	3	6	66	13.17	24.35	20.844	-999.9	0	2.93	16.5003468937436	414.21
Climat_Dtc.2020	2020	3	7	67	15.68	23.58	20.772	-999.9	0	3.41	16.8055428056713	414.21
Climat_Dtc.2020	2020	3	8	68	15.23	25.76	25.56	-999.9	0	2.7	16.9545282213718	414.21
Climat_Dtc.2020	2020	3	9	69	15.09	26.54	25.02	-999.9	0	2.75	17.2122391850572	414.21
Climat_Dtc.2020	2020	3	10	70	15.09	26.83	22.788	-999.9	0	2.6	18.617746645316	414.21
Climat_Dtc.2020	2020	3	11	71	18.02	29.16	24.048	-999.9	0	2.59	19.7317488586598	414.21
Climat_Dtc.2020	2020	3	12	72	17.49	27.71	22.428	-999.9	0	3.8	21.0052555999849	414.21
Climat_Dtc.2020	2020	3	13	73	16.96	28.44	25.2	-999.9	0	3.81	21.3146775815494	414.21
Climat_Dtc.2020	2020	3	14	74	16.76	29.61	25.308	-999.9	0	3.21	21.0557310136027	414.21
Climat_Dtc.2020	2020	3	15	75	20.43	29.75	21.636	-999.9	0	1.99	19.4958851748776	414.21
Climat_Dtc.2020	2020	3	16	76	15.9	28.15	20.556	-999.9	0	3.3	19.6803121673325	414.21
Climat_Dtc.2020	2020	3	17	77	16.08	24.72	14.004	-999.9	0	5.06	19.1281703034446	414.21
Climat_Dtc.2020	2020	3	18	78	13.88	25.36	24.912	-999.9	0	3.77	17.9227974532731	414.21
Climat_Dtc.2020	2020	3	19	79	14.54	27.61	24.696	-999.9	0	3.22	17.8233927988237	414.21
Climat_Dtc.2020	2020	3	20	80	15.22	26.16	18.612	-999.9	0	2.95	18.0860551667305	414.21
Climat_Dtc.2020	2020	3	21	81	15.65	26.94	23.328	-999.9	0	3.41	19.3107232332227	414.21
Climat_Dtc.2020	2020	3	22	82	16.44	27.73	19.944	-999.9	0	3.83	18.5591307134493	414.21
Climat_Dtc.2020	2020	3	23	83	15.29	27.65	25.56	-999.9	5	3.02	15.78716375896	414.21
Climat_Dtc.2020	2020	3	24	84	15.5	28.26	24.624	-999.9	0	2.84	15.0864843429657	414.21
Climat_Dtc.2020	2020	3	25	85	15.27	29.63	20.7	-999.9	0	1.7	16.727887167469	414.21
Climat_Dtc.2020	2020	3	26	86	17.24	31.74	21.78	-999.9	0	1.66	17.7566051334416	414.21
Climat_Dtc.2020	2020	3	27	87	18.11	28.61	17.1	-999.9	0	2.62	16.8859915342515	414.21
Climat_Dtc.2020	2020	3	28	88	17.17	26.21	17.856	-999.9	3	3.87	18.8706350249523	414.21
Climat_Dtc.2020	2020	3	29	89	15.06	27.08	21.384	-999.9	0	2.54	17.492075992126	414.21
Climat_Dtc.2020	2020	3	30	90	14.19	28.14	20.952	-999.9	0	2.18	16.0653080317764	414.21
Climat_Dtc.2020	2020	3	31	91	13.86	27.87	22.752	-999.9	0	1.67	15.7253852186902	414.21
Climat_Dtc.2020	2020	4	1	92	14.48	28.7	25.56	-999.9	0	2.24	15.7142964784334	414.21
Climat_Dtc.2020	2020	4	2	93	14.95	27.07	24.372	-999.9	0	5.35	15.4776508497848	414.21
Climat_Dtc.2020	2020	4	3	94	15.53	25.49	24.372	-999.9	0	4.94	14.6347180180706	414.21
Climat_Dtc.2020	2020	4	4	95	14.29	26.55	20.376	-999.9	0	2.47	15.8048367882885	414.21
Climat_Dtc.2020	2020	4	5	96	13.02	28.64	21.708	-999.9	0	1.84	17.0981498607884	414.21
Climat_Dtc.2020	2020	4	6	97	14.82	30.74	19.224	-999.9	0	1.65	17.6972277277592	414.21
Climat_Dtc.2020	2020	4	7	98	16.78	33.4	20.268	-999.9	0	1.7	18.0117824098734	414.21
Climat_Dtc.2020	2020	4	8	99	18.07	26.91	11.016	-999.9	0	3.54	19.0794438519627	414.21
Climat_Dtc.2020	2020	4	9	100	17.76	25.53	18.936	-999.9	19	6.75	18.760026945769	414.21
Climat_Dtc.2020	2020	4	10	101	15.12	21.72	18.576	-999.9	0	5.7	17.471667574266	414.21
Climat_Dtc.2020	2020	4	11	102	15.18	25.65	21.816	-999.9	0	3.23	16.5269306145552	414.21
Climat_Dtc.2020	2020	4	12	103	13.49	27.4	19.224	-999.9	0	1.9	17.6856881985599	414.21
Climat_Dtc.2020	2020	4	13	104	14.67	29.82	20.664	-999.9	0	2.32	15.8922065986208	414.21
Climat_Dtc.2020	2020	4	14	105	17.8	28.94	21.816	-999.9	0	2.87	16.2322118717759	414.21
Climat_Dtc.2020	2020	4	15	106	16.09	29.96	19.98	-999.9	0	2.25	18.1788096472462	414.21
Climat_Dtc.2020	2020	4	16	107	15.99	30.83	21.384	-999.9	29	2.59	17.9600905664321	414.21
Climat_Dtc.2020	2020	4	17	108	17.55	29.08	22.716	-999.9	0	4.45	18.051706056262	414.21
Climat_Dtc.2020	2020	4	18	109	16.18	26.64	20.412	-999.9	0	5.23	18.1714258646088	414.21
Climat_Dtc.2020	2020	4	19	110	14.26	25.24	15.336	-999.9	0	5.08	16.8094376534714	414.21
Climat_Dtc.2020	2020	4	20	111	12.26	23.48	23.148	-999.9	0	3.39	13.1101472035527	414.21
Climat_Dtc.2020	2020	4	21	112	10.81	24.29	22.248	-999.9	0	3.49	12.9548276064063	414.21
Climat_Dtc.2020	2020	4	22	113	12.12	24.5	20.952	-999.9	0	3.63	15.0311981286241	414.21
Climat_Dtc.2020	2020	4	23	114	12.8	24.14	18.648	-999.9	0	4.02	15.5300213544439	414.21
Climat_Dtc.2020	2020	4	24	115	12.73	24.14	23.076	-999.9	0	3.05	13.9147148217216	414.21
Climat_Dtc.2020	2020	4	25	116	12.87	25.65	19.908	-999.9	0	1.73	14.0726488757128	414.21
Climat_Dtc.2020	2020	4	26	117	13.8	26.39	19.908	-999.9	0	3.27	14.7545852663756	414.21
Climat_Dtc.2020	2020	4	27	118	13.99	24.91	21.96	-999.9	0	4.61	15.251941256962	414.21
Climat_Dtc.2020	2020	4	28	119	12.91	26.16	20.052	-999.9	0	3.23	16.8036868042476	414.21
Climat_Dtc.2020	2020	4	29	120	13.89	26.65	21.42	-999.9	0	1.7	14.7942446074044	414.21
Climat_Dtc.2020	2020	4	30	121	16.2	28.31	21.204	-999.9	0	1.91	14.2707921629693	414.21
Climat_Dtc.2020	2020	5	1	122	13.92	28.08	20.304	-999.9	0.02	3.12	15.2308780862557	414.21
Climat_Dtc.2020	2020	5	2	123	15.02	30	20.196	-999.9	0.02	3.46	14.491858181758	414.21
Climat_Dtc.2020	2020	5	3	124	12.26	29.51	20.016	-999.9	0	3.55	10.6519353277988	414.21
Climat_Dtc.2020	2020	5	4	125	11.66	28.96	22.392	-999.9	0	3.95	10.0880212206356	414.21
Climat_Dtc.2020	2020	5	5	126	11.93	28.23	22.32	-999.9	0	3.73	11.1209512528454	414.21
Climat_Dtc.2020	2020	5	6	127	10.96	28.29	21.636	-999.9	0.01	3.51	12.0686547684812	414.21
Climat_Dtc.2020	2020	5	7	128	11.72	26.55	20.556	-999.9	0	4.52	11.2785399886353	414.21
Climat_Dtc.2020	2020	5	8	129	12.02	27.51	21.312	-999.9	0.13	3.67	13.6723550556877	414.21
Climat_Dtc.2020	2020	5	9	130	10.04	27.33	21.744	-999.9	0.07	4	12.8110165276634	414.21
Climat_Dtc.2020	2020	5	10	131	10.29	25.67	19.152	-999.9	0.19	4.37	12.8631931841347	414.21
Climat_Dtc.2020	2020	5	11	132	10.51	26.59	20.736	-999.9	0	2.63	11.1003857099367	414.21
Climat_Dtc.2020	2020	5	12	133	11.37	27.78	21.492	-999.9	0	1.09	10.0810920360593	414.21
Climat_Dtc.2020	2020	5	13	134	12.58	28.12	19.8	-999.9	0	2.68	9.97911553562486	414.21
Climat_Dtc.2020	2020	5	14	135	11.53	27.98	18.324	-999.9	0	3.62	8.98484663040278	414.21
Climat_Dtc.2020	2020	5	15	136	10.84	26.75	18.828	-999.9	0	2.96	11.9358651662893	414.21
Climat_Dtc.2020	2020	5	16	137	10.73	28.05	20.808	-999.9	0	3.36	11.0919249238054	414.21
Climat_Dtc.2020	2020	5	17	138	10.23	25.01	19.98	-999.9	0.01	4.7	11.1637590822891	414.21
Climat_Dtc.2020	2020	5	18	139	11.42	25.68	19.944	-999.9	0.07	3.29	13.1563293088891	414.21
Climat_Dtc.2020	2020	5	19	140	8.71	25.86	20.628	-999.9	0	3.55	10.7070556905871	414.21
Climat_Dtc.2020	2020	5	20	141	7.41	25.33	20.628	-999.9	0	3.74	10.3246783896374	414.21
Climat_Dtc.2020	2020	5	21	142	9.62	25.02	19.512	-999.9	0	3.87	12.0659394106149	414.21
Climat_Dtc.2020	2020	5	22	143	9.6	25.61	20.34	-999.9	0	2.88	12.5871286646512	414.21
Climat_Dtc.2020	2020	5	23	144	9.98	25.92	20.232	-999.9	0	2.28	12.4520072241812	414.21
Climat_Dtc.2020	2020	5	24	145	9.57	26.08	20.088	-999.9	0	1.99	11.856176203445	414.21
Climat_Dtc.2020	2020	5	25	146	10.16	26.76	19.908	-999.9	0	2.59	12.5128430302442	414.21
Climat_Dtc.2020	2020	5	26	147	12.8	27.37	16.344	-999.9	0.01	3.08	11.1243916704095	414.21
Climat_Dtc.2020	2020	5	27	148	15.27	28.38	17.352	-999.9	0.15	2.47	11.743826750723	414.21
Climat_Dtc.2020	2020	5	28	149	12.99	26.33	17.532	-999.9	0	3.06	12.2254492844064	414.21
Climat_Dtc.2020	2020	5	29	150	11.01	27.72	17.784	-999.9	0	1.91	13.7168742161032	414.21
Climat_Dtc.2020	2020	5	30	151	12.03	27.65	18.396	-999.9	0	3.02	12.8976926973521	414.21
Climat_Dtc.2020	2020	5	31	152	11.13	26.26	17.1	-999.9	0.02	4.16	12.6982593005915	414.21
Climat_Dtc.2020	2020	6	1	153	10.73	24.59	19.296	-999.9	0.27	3.89	13.2128889352073	414.21
Climat_Dtc.2020	2020	6	2	154	10.14	25.57	19.188	-999.9	0.22	3.65	12.684680668648	414.21
Climat_Dtc.2020	2020	6	3	155	8.71	24.66	18.756	-999.9	0.19	3.2	12.0422411244036	414.21
Climat_Dtc.2020	2020	6	4	156	8.77	24.12	16.416	-999.9	0.12	3.15	12.5016861802248	414.21
Climat_Dtc.2020	2020	6	5	157	9.36	24.93	16.956	-999.9	0.01	2.43	11.4675210235695	414.21
Climat_Dtc.2020	2020	6	6	158	10.2	24.33	16.956	-999.9	0.03	3.48	11.13703317444	414.21
Climat_Dtc.2020	2020	6	7	159	9.16	23.71	18.108	-999.9	0.04	3.57	11.3137364727	414.21
Climat_Dtc.2020	2020	6	8	160	9.48	24.19	18.864	-999.9	0.01	2.72	11.4861106430887	414.21
Climat_Dtc.2020	2020	6	9	161	8.16	24.4	18.324	-999.9	0.01	3.11	10.9822428516787	414.21
Climat_Dtc.2020	2020	6	10	162	10.63	23.2	14.256	-999.9	1.03	3.59	14.3998377223463	414.21
Climat_Dtc.2020	2020	6	11	163	10.05	25.18	13.896	-999.9	0.03	2.51	13.4011542159014	414.21
Climat_Dtc.2020	2020	6	12	164	11.72	26.76	17.136	-999.9	0	3.3	11.0022503369636	414.21
Climat_Dtc.2020	2020	6	13	165	8.48	20.98	11.376	-999.9	0.17	5.64	9.38826716734116	414.21
Climat_Dtc.2020	2020	6	14	166	9.36	23.2	15.12	-999.9	0.03	4.6	11.0877879271375	414.21
Climat_Dtc.2020	2020	6	15	167	7.26	23.44	14.22	-999.9	0	2.87	10.3479703666176	414.21
Climat_Dtc.2020	2020	6	16	168	7.8	20.9	14.004	-999.9	0.06	4.69	10.4495743085538	414.21
Climat_Dtc.2020	2020	6	17	169	8.63	21	10.98	-999.9	0.05	4.55	10.2624951193758	414.21
Climat_Dtc.2020	2020	6	18	170	8.18	21.31	13.644	-999.9	0.12	4.86	11.1694298033376	414.21
Climat_Dtc.2020	2020	6	19	171	9.23	20.87	13.104	-999.9	0.09	4.37	11.4338884623311	414.21
Climat_Dtc.2020	2020	6	20	172	8.55	21.89	11.124	-999.9	0.31	2.86	11.2135377321515	414.21
Climat_Dtc.2020	2020	6	21	173	11.24	21.64	10.836	-999.9	0.09	1.91	11.9252939920374	414.21
Climat_Dtc.2020	2020	6	22	174	9.48	22.12	11.052	-999.9	0.09	3.22	10.7638819260361	414.21
Climat_Dtc.2020	2020	6	23	175	7.73	22.82	13.464	-999.9	0.01	2.82	9.84332628459019	414.21
Climat_Dtc.2020	2020	6	24	176	8.14	22.43	11.196	-999.9	0.06	3.57	11.2066064574994	414.21
Climat_Dtc.2020	2020	6	25	177	8.83	21.94	13.104	-999.9	0.07	3.62	12.3944346697718	414.21
Climat_Dtc.2020	2020	6	26	178	9.38	22.01	14.004	-999.9	0.06	2.51	12.1080866652251	414.21
Climat_Dtc.2020	2020	6	27	179	10.33	24.3	12.24	-999.9	0	1.98	11.2098678950317	414.21
Climat_Dtc.2020	2020	6	28	180	12.48	26.89	17.46	-999.9	0	1.93	9.93455133656483	414.21
Climat_Dtc.2020	2020	6	29	181	11.19	26.44	17.964	-999.9	0	3.59	9.89959985453057	414.21
Climat_Dtc.2020	2020	6	30	182	8.76	25.19	18.936	-999.9	0	4.02	9.76162808766258	414.21
Climat_Dtc.2020	2020	7	1	183	8.73	22.41	18.72	-999.9	0	5.01	11.4912800094155	414.21
Climat_Dtc.2020	2020	7	2	184	7.77	23.42	17.1	-999.9	0	3.3	10.8787449504479	414.21
Climat_Dtc.2020	2020	7	3	185	7.12	25.23	18.792	-999.9	0	3.3	10.0941502076272	414.21
Climat_Dtc.2020	2020	7	4	186	6.73	23.05	19.152	-999.9	0	4.41	10.1309830671879	414.21
Climat_Dtc.2020	2020	7	5	187	6.62	23.73	18.468	-999.9	0.06	3.64	10.3513176826351	414.21
Climat_Dtc.2020	2020	7	6	188	5.44	23.7	19.62	-999.9	0	4.1	8.71105288115348	414.21
Climat_Dtc.2020	2020	7	7	189	6.66	23.69	18.864	-999.9	0	3.76	10.5893979893357	414.21
Climat_Dtc.2020	2020	7	8	190	8.73	25.08	16.56	-999.9	0.03	4.61	11.0786684926515	414.21
Climat_Dtc.2020	2020	7	9	191	9.36	24.4	17.46	-999.9	0.05	4.56	13.3214305649703	414.21
Climat_Dtc.2020	2020	7	10	192	11.01	25.89	16.02	-999.9	0.04	3.7	14.4419224767719	414.21
Climat_Dtc.2020	2020	7	11	193	11.89	27.93	15.012	-999.9	0.16	2.5	14.1446929575201	414.21
Climat_Dtc.2020	2020	7	12	194	9.87	25.87	18.828	-999.9	0	5.87	6.96268602346007	414.21
Climat_Dtc.2020	2020	7	13	195	6.26	25.05	19.044	-999.9	0	2.53	9.00623720978626	414.21
Climat_Dtc.2020	2020	7	14	196	8.08	27.38	20.016	-999.9	0	2.3	8.42397413827341	414.21
Climat_Dtc.2020	2020	7	15	197	8.26	23.52	19.764	-999.9	0	6.72	6.90849217890502	414.21
Climat_Dtc.2020	2020	7	16	198	6.28	19.18	19.692	-999.9	0.06	7.23	7.89288409475571	414.21
Climat_Dtc.2020	2020	7	17	199	3.94	20.49	19.836	-999.9	0.05	5.63	8.97367794122345	414.21
Climat_Dtc.2020	2020	7	18	200	6.05	21.51	19.872	-999.9	0.11	5.45	10.8585222368078	414.21
Climat_Dtc.2020	2020	7	19	201	6.92	22.51	18.36	-999.9	0.16	4.88	10.9803461494374	414.21
Climat_Dtc.2020	2020	7	20	202	6.24	21.89	20.16	-999.9	0	4.69	10.268035774692	414.21
Climat_Dtc.2020	2020	7	21	203	6.2	22.48	19.332	-999.9	0	3.1	10.2368348118979	414.21
Climat_Dtc.2020	2020	7	22	204	6.47	22.65	19.152	-999.9	0	3.58	9.54446442674131	414.21
Climat_Dtc.2020	2020	7	23	205	6.84	21.82	19.98	-999.9	0	5.16	10.0570396339331	414.21
Climat_Dtc.2020	2020	7	24	206	7.24	20.73	12.744	-999.9	0.01	5.43	10.9529561052694	414.21
Climat_Dtc.2020	2020	7	25	207	6.07	22.22	18.576	-999.9	0	4.35	10.4118337350766	414.21
Climat_Dtc.2020	2020	7	26	208	6.54	22.35	20.808	-999.9	0	3.09	9.97742729497296	414.21
Climat_Dtc.2020	2020	7	27	209	5.85	22.03	19.548	-999.9	0	4.05	9.04933587079984	414.21
Climat_Dtc.2020	2020	7	28	210	8.27	21.6	15.588	-999.9	0.09	4.45	11.6366357332116	414.21
Climat_Dtc.2020	2020	7	29	211	7.17	22.75	17.82	-999.9	0	2.53	11.209590665718	414.21
Climat_Dtc.2020	2020	7	30	212	8.12	24.84	20.628	-999.9	0	2.97	10.3972312039443	414.21
Climat_Dtc.2020	2020	7	31	213	8.12	23.62	21.024	-999.9	0	5.33	8.52311445856068	414.21
Climat_Dtc.2020	2020	8	1	214	5.33	23.92	21.2	-999.9	0	3.17	9.50136150033657	414.21
Climat_Dtc.2020	2020	8	2	215	5.5	23.43	21.12	-999.9	0	3.05	8.91912098300987	414.21
Climat_Dtc.2020	2020	8	3	216	6.45	22.95	16.91	-999.9	0	2.7	10.6769068600897	414.21
Climat_Dtc.2020	2020	8	4	217	8.76	24.45	17.12	-999.9	0	1.86	12.429192448298	414.21
Climat_Dtc.2020	2020	8	5	218	11.75	26.33	17.75	-999.9	0	1.02	12.1066012546247	414.21
Climat_Dtc.2020	2020	8	6	219	11.49	26.3	17.67	-999.9	0	1.63	12.1198404653768	414.21
Climat_Dtc.2020	2020	8	7	220	10.95	25.83	15.61	-999.9	0	3.33	12.0349044494324	414.21
Climat_Dtc.2020	2020	8	8	221	9.83	23.82	18.84	-999.9	0	3.75	11.3216325884832	414.21
Climat_Dtc.2020	2020	8	9	222	6.33	26.21	21.38	-999.9	0	1.76	9.19507590576568	414.21
Climat_Dtc.2020	2020	8	10	223	8.86	28.24	21.5	-999.9	0	2.54	6.25117986167977	414.21
Climat_Dtc.2020	2020	8	11	224	8.35	26.76	22.34	-999.9	0	2.31	6.71340848904627	414.21
Climat_Dtc.2020	2020	8	12	225	8.58	29.02	22.33	-999.9	0	1.62	8.64209583067155	414.21
Climat_Dtc.2020	2020	8	13	226	11.37	29.96	22.32	-999.9	0	2.38	6.87014368435685	414.21
Climat_Dtc.2020	2020	8	14	227	9.23	27.02	22.47	-999.9	0	3.38	7.7390468565501	414.21
Climat_Dtc.2020	2020	8	15	228	8.74	28.45	22.66	-999.9	0	1.32	10.9838176176743	414.21
Climat_Dtc.2020	2020	8	16	229	12.64	30.3	22.6	-999.9	0	0.77	7.65093638434316	414.21
Climat_Dtc.2020	2020	8	17	230	11.32	29.44	21.27	-999.9	0	3.2	7.06418111419904	414.21
Climat_Dtc.2020	2020	8	18	231	11.55	27.8	17.3	-999.9	0	2.5	14.1991309707515	414.21
Climat_Dtc.2020	2020	8	19	232	15.3	30.82	18.13	-999.9	0	2.12	12.3033378631015	414.21
Climat_Dtc.2020	2020	8	20	233	13.9	26.25	18.55	-999.9	0	4.51	14.5413576000916	414.21
Climat_Dtc.2020	2020	8	21	234	11.98	26.87	13.75	-999.9	0	3.9	14.1924871645009	414.21
Climat_Dtc.2020	2020	8	22	235	11.54	24.73	17.41	-999.9	0	4.33	12.7808863550491	414.21
Climat_Dtc.2020	2020	8	23	236	8.5	25.11	20.9	-999.9	0	2.84	10.8764998889505	414.21
Climat_Dtc.2020	2020	8	24	237	9.54	25.9	22.88	-999.9	0	2	10.5101487347644	414.21
Climat_Dtc.2020	2020	8	25	238	11.25	27.9	20.96	-999.9	0	1.69	9.82365397954524	414.21
Climat_Dtc.2020	2020	8	26	239	12.69	30.31	20.09	-999.9	0	1.23	10.0532516386493	414.21
Climat_Dtc.2020	2020	8	27	240	14.83	29.12	18.07	-999.9	0	3.36	12.2954227268782	414.21
Climat_Dtc.2020	2020	8	28	241	13.73	30.44	20.89	-999.9	0	2.19	13.9572843467367	414.21
Climat_Dtc.2020	2020	8	29	242	15.24	32.55	22.23	-999.9	0	2	12.7187843249379	414.21
Climat_Dtc.2020	2020	8	30	243	16.06	33.83	21.47	-999.9	0	2.02	10.4228799100325	414.21
Climat_Dtc.2020	2020	8	31	244	15.63	30.42	19.14	-999.9	0	4.95	14.1968923484253	414.21
Climat_Dtc.2020	2020	9	1	245	14.5	27.5	14.8	-999.9	0	5.1	15.5	414.21
Climat_Dtc.2020	2020	9	2	246	13.4	26.8	11.3	-999.9	0	5	14.4	414.21
Climat_Dtc.2020	2020	9	3	247	11.4	29.5	23.2	-999.9	0	3.2	12.7	414.21
Climat_Dtc.2020	2020	9	4	248	9.7	28.3	25	-999.9	0	3.8	9.6	414.21
Climat_Dtc.2020	2020	9	5	249	9.6	27.3	25.2	-999.9	0	3.7	11	414.21
Climat_Dtc.2020	2020	9	6	250	8.8	27.4	25.7	-999.9	0	3.2	10.7	414.21
Climat_Dtc.2020	2020	9	7	251	9.4	27.8	25.5	-999.9	0	3	11	414.21
Climat_Dtc.2020	2020	9	8	252	8.9	28.1	25.9	-999.9	0	3.6	9	414.21
Climat_Dtc.2020	2020	9	9	253	8.7	27	25.8	-999.9	0	3.4	9.4	414.21
Climat_Dtc.2020	2020	9	10	254	8.8	27.1	25.6	-999.9	0	2.4	9.1	414.21
Climat_Dtc.2020	2020	9	11	255	10.4	26.9	24.2	-999.9	0	3.4	10.1	414.21
Climat_Dtc.2020	2020	9	12	256	10.5	26.6	22.8	-999.9	0	3.6	10.6	414.21
Climat_Dtc.2020	2020	9	13	257	11	26.8	15.8	-999.9	0	2.5	12.3	414.21
Climat_Dtc.2020	2020	9	14	258	12.7	28.6	16.6	-999.9	0	2.1	11.7	414.21
Climat_Dtc.2020	2020	9	15	259	15.4	30.3	16.2	-999.9	0	1.4	11.1	414.21
Climat_Dtc.2020	2020	9	16	260	17.4	30.2	15.8	-999.9	0	3.2	13.2	414.21
Climat_Dtc.2020	2020	9	17	261	16.1	33.7	19.9	-999.9	0	3.3	12.2	414.21
Climat_Dtc.2020	2020	9	18	262	15	31.1	22.9	-999.9	0	4.3	11.5	414.21
Climat_Dtc.2020	2020	9	19	263	13.9	31.3	24.9	-999.9	0	3.5	11.7	414.21
Climat_Dtc.2020	2020	9	20	264	13.9	32.1	24.7	-999.9	0	3.1	8.4	414.21
Climat_Dtc.2020	2020	9	21	265	13.3	33.9	24.8	-999.9	0	2.3	9.1	414.21
Climat_Dtc.2020	2020	9	22	266	14.7	29.5	25.5	-999.9	0	5.6	13.4	414.21
Climat_Dtc.2020	2020	9	23	267	12.9	29.7	25.5	-999.9	0	4.4	13.2	414.21
Climat_Dtc.2020	2020	9	24	268	10.7	31	26.2	-999.9	0	2.9	11.5	414.21
Climat_Dtc.2020	2020	9	25	269	12.6	31.5	25.2	-999.9	0	1.6	10.8	414.21
Climat_Dtc.2020	2020	9	26	270	16	35.4	25.6	-999.9	0	1.2	11.4	414.21
Climat_Dtc.2020	2020	9	27	271	18.5	36.9	22.3	-999.9	0	1.3	10.2	414.21
Climat_Dtc.2020	2020	9	28	272	18.9	35	21.3	-999.9	0	3.5	14.2	414.21
Climat_Dtc.2020	2020	9	29	273	19.5	34.1	19.8	-999.9	0	3.5	17.2	414.21
Climat_Dtc.2020	2020	9	30	274	17.9	30.5	21.5	-999.9	0	3.4	16.9	414.21
Climat_Dtc.2020	2020	10	1	275	15.73	31.71	23.2	-999.9	0	3.6	16.4	414.21
Climat_Dtc.2020	2020	10	2	276	17.1	33.58	24.6	-999.9	0	3.5	14.2	414.21
Climat_Dtc.2020	2020	10	3	277	16.48	32.22	24.8	-999.9	0	3.9	15.6	414.21
Climat_Dtc.2020	2020	10	4	278	16.56	34.45	24.7	-999.9	0	2.7	12.9	414.21
Climat_Dtc.2020	2020	10	5	279	17.55	33.71	23.9	-999.9	0	3	14	414.21
Climat_Dtc.2020	2020	10	6	280	16.67	31.19	18.1	-999.9	0	3.5	16.3	414.21
Climat_Dtc.2020	2020	10	7	281	15.24	29.52	14.3	-999.9	0	4.3	15.3	414.21
Climat_Dtc.2020	2020	10	8	282	14.26	27.73	19.5	-999.9	0	3.2	15.3	414.21
Climat_Dtc.2020	2020	10	9	283	14.8	30.78	17.1	-999.9	0	1.9	14.7	414.21
Climat_Dtc.2020	2020	10	10	284	18.57	32.18	19.8	-999.9	0	1.4	14.9	414.21
Climat_Dtc.2020	2020	10	11	285	18.55	29.12	11.6	-999.9	0	3.5	16.7	414.21
Climat_Dtc.2020	2020	10	12	286	17.13	25.36	8.3	-999.9	0	3.7	18.4	414.21
Climat_Dtc.2020	2020	10	13	287	15.81	28.81	10	-999.9	0	3.4	16.7	414.21
Climat_Dtc.2020	2020	10	14	288	16.21	29.4	21	-999.9	0	3.6	18.2	414.21
Climat_Dtc.2020	2020	10	15	289	14.26	30.8	22.6	-999.9	0	4.2	14.5	414.21
Climat_Dtc.2020	2020	10	16	290	11.74	31.85	29.9	-999.9	0	3.7	11.2	414.21
Climat_Dtc.2020	2020	10	17	291	12.66	31.65	30.2	-999.9	0	3.7	10.9	414.21
Climat_Dtc.2020	2020	10	18	292	12.24	33.69	29.9	-999.9	0	2.8	11.3	414.21
Climat_Dtc.2020	2020	10	19	293	13.15	33.19	29	-999.9	0	3.2	10.8	414.21
Climat_Dtc.2020	2020	10	20	294	13.93	32.69	28.5	-999.9	0	3	9.2	414.21
Climat_Dtc.2020	2020	10	21	295	16.62	32.07	22.4	-999.9	0	4.7	13.9	414.21
Climat_Dtc.2020	2020	10	22	296	15.76	31.75	26.9	-999.9	0	4.5	14.8	414.21
Climat_Dtc.2020	2020	10	23	297	14.61	32.43	29.1	-999.9	0	3.1	12.9	414.21
Climat_Dtc.2020	2020	10	24	298	15.24	32.79	27.5	-999.9	0	2.5	11.7	414.21
Climat_Dtc.2020	2020	10	25	299	15.27	32.87	28.1	-999.9	0	2.6	11.8	414.21
Climat_Dtc.2020	2020	10	26	300	15.02	31.83	26.3	-999.9	0	3.7	11.9	414.21
Climat_Dtc.2020	2020	10	27	301	15.86	32.66	28.4	-999.9	0	3.8	12.8	414.21
Climat_Dtc.2020	2020	10	28	302	15.27	32.49	29.1	-999.9	0	4.2	12.3	414.21
Climat_Dtc.2020	2020	10	29	303	15.17	32.44	29.6	-999.9	0	4.3	11.7	414.21
Climat_Dtc.2020	2020	10	30	304	16	32.9	29.2	-999.9	0	4.5	11.3	414.21
Climat_Dtc.2020	2020	10	31	305	16.98	30.89	26.8	-999.9	0	5.1	14.3	414.21
Climat_Dtc.2020	2020	11	1	306	15.97	29.69	25.8	-999.9	0	4.1	16.7	414.21
Climat_Dtc.2020	2020	11	2	307	14.95	30.8	28.1	-999.9	0	3.5	15.4	414.21
Climat_Dtc.2020	2020	11	3	308	16.37	31.36	24.7	-999.9	0	3.5	16	414.21
Climat_Dtc.2020	2020	11	4	309	17.94	30.19	18.2	-999.9	0	3.4	18.6	414.21
Climat_Dtc.2020	2020	11	5	310	18.12	32.68	27.8	-999.9	0	3.5	18.1	414.21
Climat_Dtc.2020	2020	11	6	311	18.24	34.53	25.1	-999.9	0	3.4	17.2	414.21
Climat_Dtc.2020	2020	11	7	312	19.48	36.08	29.1	-999.9	0	3.4	13.6	414.21
Climat_Dtc.2020	2020	11	8	313	18.75	36.4	29	-999.9	0	3.5	10.7	414.21
Climat_Dtc.2020	2020	11	9	314	20.61	36.48	28.6	-999.9	0	3.6	12.9	414.21
Climat_Dtc.2020	2020	11	10	315	21.33	34.73	25.7	-999.9	0	4.2	14.7	414.21
Climat_Dtc.2020	2020	11	11	316	19.01	31.21	20.3	-999.9	0	3.9	19.4	414.21
Climat_Dtc.2020	2020	11	12	317	17.9	29.19	14.9	-999.9	0	4.1	18.6	414.21
Climat_Dtc.2020	2020	11	13	318	16.3	29.62	21.8	-999.9	18	3.9	15.9	414.21
Climat_Dtc.2020	2020	11	14	319	15.98	32.38	30	-999.9	0	2.7	13.2	414.21
Climat_Dtc.2020	2020	11	15	320	14.23	34.37	30.5	-999.9	0	2.2	12.1	414.21
Climat_Dtc.2020	2020	11	16	321	15.48	34.15	30.7	-999.9	0	2.3	11.3	414.21
Climat_Dtc.2020	2020	11	17	322	16.8	34.4	27.8	-999.9	0	2	12.1	414.21
Climat_Dtc.2020	2020	11	18	323	18.59	33.8	23.4	-999.9	0	2	12.9	414.21
Climat_Dtc.2020	2020	11	19	324	20.51	33.79	20.8	-999.9	0	1.8	14.9	414.21
Climat_Dtc.2020	2020	11	20	325	20.91	35.4	28	-999.9	0	4.5	14.5	414.21
Climat_Dtc.2020	2020	11	21	326	17.36	32.86	24.6	-999.9	6	5.1	17.4	414.21
Climat_Dtc.2020	2020	11	22	327	18.51	33.67	27.7	-999.9	0	2.8	17.3	414.21
Climat_Dtc.2020	2020	11	23	328	20.37	35.33	27	-999.9	0	2.6	15.6	414.21
Climat_Dtc.2020	2020	11	24	329	21.47	34.51	22.7	-999.9	0	3.3	19.3	414.21
Climat_Dtc.2020	2020	11	25	330	20.52	34.64	19.9	-999.9	27	2.4	19.2	414.21
Climat_Dtc.2020	2020	11	26	331	18.842	25.501	18.5	-999.9	0	3.4	18.7	414.21
Climat_Dtc.2020	2020	11	27	332	16.677	31.12	19.7	-999.9	18	3.8	18.5	414.21
Climat_Dtc.2020	2020	11	28	333	16.415	25.234	18.4	-999.9	0	3.7	18.7	414.21
Climat_Dtc.2020	2020	11	29	334	16.344	28.048	27	-999.9	2	1.8	19	414.21
Climat_Dtc.2020	2020	11	30	335	16.82	23.785	13.6	-999.9	0	2	20	414.21
Climat_Dtc.2020	2020	12	1	336	15.772	25.307	18.8	-999.9	18	1.9	20.3	414.21
Climat_Dtc.2020	2020	12	2	337	16.963	25.113	14.9	-999.9	18	1.7	21.8	414.21
Climat_Dtc.2020	2020	12	3	338	16.677	21.079	13.4	-999.9	22	3.9	20.5	414.21
Climat_Dtc.2020	2020	12	4	339	17.106	21.151	14.1	-999.9	0	2.7	21.7	414.21
Climat_Dtc.2020	2020	12	5	340	16.272	22.657	14.3	-999.9	5	3.9	21.4	414.21
Climat_Dtc.2020	2020	12	6	341	16.415	22.992	14.2	-999.9	13	3.5	21.6	414.21
Climat_Dtc.2020	2020	12	7	342	16.796	25.162	18.6	-999.9	0	2.5	21.8	414.21
Climat_Dtc.2020	2020	12	8	343	17.034	22.082	14.6	-999.9	6	2.5	20.5	414.21
Climat_Dtc.2020	2020	12	9	344	16.058	24.798	20.6	-999.9	29	2.3	21	414.21
Climat_Dtc.2020	2020	12	10	345	16.606	25.331	18.8	-999.9	27	1.5	21.8	414.21
Climat_Dtc.2020	2020	12	11	346	16.892	25.162	19.3	-999.9	3	1.4	22.5	414.21
Climat_Dtc.2020	2020	12	12	347	16.677	28.196	26.1	-999.9	0	1.5	22.8	414.21
Climat_Dtc.2020	2020	12	13	348	15.891	24.605	19.9	-999.9	20	2.2	22.4	414.21
Climat_Dtc.2020	2020	12	14	349	15.557	25.137	20.8	-999.9	18	2.4	21.4	414.21
Climat_Dtc.2020	2020	12	15	350	16.296	24.436	18	-999.9	9	1.8	21.1	414.21
Climat_Dtc.2020	2020	12	16	351	16.463	22.705	14.9	-999.9	5	1.9	21.5	414.21
Climat_Dtc.2020	2020	12	17	352	17.391	24.944	18	-999.9	4	2.7	21.7	414.21
Climat_Dtc.2020	2020	12	18	353	16.892	24.412	15.8	-999.9	0	3	21.9	414.21
Climat_Dtc.2020	2020	12	19	354	16.153	25.939	21.9	-999.9	0	3.1	22.7	414.21
Climat_Dtc.2020	2020	12	20	355	17.534	25.793	18	-999.9	0	3.3	22.1	414.21
Climat_Dtc.2020	2020	12	21	356	17.13	24.243	16.4	-999.9	0	2.3	22.1	414.21
Climat_Dtc.2020	2020	12	22	357	15.915	26.622	26.2	-999.9	10	1.3	21.7	414.21
Climat_Dtc.2020	2020	12	23	358	16.439	27.53	28.1	-999.9	44	1.3	22	414.21
Climat_Dtc.2020	2020	12	24	359	19.532	28.221	25.3	-999.9	0	1	22.4	414.21
Climat_Dtc.2020	2020	12	25	360	18.176	25.065	18.1	-999.9	0	2.6	23.7	414.21
Climat_Dtc.2020	2020	12	26	361	17.891	27.382	25.5	-999.9	6	3.1	21	414.21
Climat_Dtc.2020	2020	12	27	362	17.796	27.456	25.6	-999.9	0	2.7	21.8	414.21
Climat_Dtc.2020	2020	12	28	363	17.772	28.147	25.7	-999.9	0	2.6	22.9	414.21
Climat_Dtc.2020	2020	12	29	364	16.296	28.468	27.5	-999.9	0	2.1	23.3	414.21
Climat_Dtc.2020	2020	12	30	365	17.249	24.412	12.8	-999.9	0	1.6	22.2	414.21
Climat_Dtc.2020	2020	12	31	366	17.344	26.061	22.3	-999.9	0	2.8	22.6	414.21
Climat_Dtc.2021	2021	1	1	1	16.701	25.355	21.26	-999.9	0	2.07	22.7	416.41
Climat_Dtc.2021	2021	1	2	2	16.534	25.428	25.12	-999.9	36	4.11	22.2	416.41
Climat_Dtc.2021	2021	1	3	3	16.201	24.919	27.27	-999.9	2	3.54	20.3	416.41
Climat_Dtc.2021	2021	1	4	4	14.792	25.817	26.41	-999.9	0	2.02	19.7	416.41
Climat_Dtc.2021	2021	1	5	5	16.844	26.353	25.15	-999.9	0	1.65	21	416.41
Climat_Dtc.2021	2021	1	6	6	17.843	28.468	26.45	-999.9	0	1.14	22.3	416.41
Climat_Dtc.2021	2021	1	7	7	16.272	26.769	24.71	-999.9	49	1.49	24	416.41
Climat_Dtc.2021	2021	1	8	8	17.915	26.07	22.74	-999.9	10	1.4	23.4	416.41
Climat_Dtc.2021	2021	1	9	9	19	26.48	20.98	-999.9	21	0.98	22.9	416.41
Climat_Dtc.2021	2021	1	10	10	19.19	26.83	14	-999.9	22	0.97	22.8	416.41
Climat_Dtc.2021	2021	1	11	11	19.69	26.91	22.67	-999.9	62	2.7	23.8	416.41
Climat_Dtc.2021	2021	1	12	12	18.129	26.475	24.05	-999.9	4	3.04	23.4	416.41
Climat_Dtc.2021	2021	1	13	13	17.082	24.291	18.55	-999.9	10	3.21	23.5	416.41
Climat_Dtc.2021	2021	1	14	14	17.486	21.413	14.47	-999.9	12	3.43	21.6	416.41
Climat_Dtc.2021	2021	1	15	15	16.892	21.008	8.88	-999.9	4	3.42	21.7	416.41
Climat_Dtc.2021	2021	1	16	16	17.558	25.453	22.36	-999.9	20	2.76	23	416.41
Climat_Dtc.2021	2021	1	17	17	17.272	24.944	15.13	-999.9	0	2.01	23.2	416.41
Climat_Dtc.2021	2021	1	18	18	17.249	25.258	15.26	-999.9	0	1.91	22.9	416.41
Climat_Dtc.2021	2021	1	19	19	17.058	24.871	17.68	-999.9	0	2.38	23	416.41
Climat_Dtc.2021	2021	1	20	20	17.439	23.905	16.35	-999.9	3	1.88	22.9	416.41
Climat_Dtc.2021	2021	1	21	21	17.249	23.978	22.21	-999.9	6	2.52	22.9	416.41
Climat_Dtc.2021	2021	1	22	22	16.225	24.412	20.7	-999.9	10	1.79	21	416.41
Climat_Dtc.2021	2021	1	23	23	16.511	25.162	21.63	-999.9	0	2.2	20.2	416.41
Climat_Dtc.2021	2021	1	24	24	16.558	25.404	20.04	-999.9	22	2.78	23.1	416.41
Climat_Dtc.2021	2021	1	25	25	16.415	21.175	15.79	-999.9	13	3.54	21.2	416.41
Climat_Dtc.2021	2021	1	26	26	16.63	24.436	21.93	-999.9	0	2.91	21.5	416.41
Climat_Dtc.2021	2021	1	27	27	17.225	26.378	23.43	-999.9	0	1.73	21.5	416.41
Climat_Dtc.2021	2021	1	28	28	16.654	27.259	23.63	-999.9	0	0.87	21.8	416.41
Climat_Dtc.2021	2021	1	29	29	17.748	23.232	13.12	-999.9	0	1.58	22.4	416.41
Climat_Dtc.2021	2021	1	30	30	16.915	25.72	22.56	-999.9	20	1.22	21.5	416.41
Climat_Dtc.2021	2021	1	31	31	16.415	25.768	23.12	-999.9	35	2.2	22.7	416.41
Climat_Dtc.2021	2021	2	1	32	18.604	26.378	22.1	-999.9	7	1.34	21.7	416.41
Climat_Dtc.2021	2021	2	2	33	16.01	24.919	19.59	-999.9	21	1.48	21.2	416.41
Climat_Dtc.2021	2021	2	3	34	16.915	25.695	23.02	-999.9	0	2.35	22.6	416.41
Climat_Dtc.2021	2021	2	4	35	16.606	27.284	24.03	-999.9	0	1.66	22.2	416.41
Climat_Dtc.2021	2021	2	5	36	16.558	26.402	24.57	-999.9	0	1.9	21.3	416.41
Climat_Dtc.2021	2021	2	6	37	16.963	26.769	25.33	-999.9	0	2.03	21.3	416.41
Climat_Dtc.2021	2021	2	7	38	15.031	27.456	27.37	-999.9	0	1.55	22.8	416.41
Climat_Dtc.2021	2021	2	8	39	16.773	27.407	23.12	-999.9	0	2.01	23.1	416.41
Climat_Dtc.2021	2021	2	9	40	17.701	22.226	17.17	-999.9	18	1.59	22.3	416.41
Climat_Dtc.2021	2021	2	10	41	15.414	24.992	21.72	-999.9	26	1.67	21.2	416.41
Climat_Dtc.2021	2021	2	11	42	16.582	24.532	19.65	-999.9	9	1.55	21.9	416.41
Climat_Dtc.2021	2021	2	12	43	14.96	26.475	24.8	-999.9	4	1.68	20.6	416.41
Climat_Dtc.2021	2021	2	13	44	14.409	27.407	25.48	-999.9	0	2.36	20.5	416.41
Climat_Dtc.2021	2021	2	14	45	17.867	26.329	19.25	-999.9	0	3.64	22.3	416.41
Climat_Dtc.2021	2021	2	15	46	17.724	26.94	23.17	-999.9	5	3.99	22.9	416.41
Climat_Dtc.2021	2021	2	16	47	16.129	23.833	15.51	-999.9	14	2.89	21.1	416.41
Climat_Dtc.2021	2021	2	17	48	15.27	22.178	16.48	-999.9	25	2.77	19.1	416.41
Climat_Dtc.2021	2021	2	18	49	15.796	24.75	21.52	-999.9	0	2.16	20.9	416.41
Climat_Dtc.2021	2021	2	19	50	17.653	25.453	18.71	-999.9	17	1.17	23.5	416.41
Climat_Dtc.2021	2021	2	20	51	16.32	25.574	19.92	-999.9	0	1.5	22.1	416.41
Climat_Dtc.2021	2021	2	21	52	16.82	26.916	23.52	-999.9	6	1.87	22.8	416.41
Climat_Dtc.2021	2021	2	22	53	16.439	27.161	21.98	-999.9	0	2.72	20.6	416.41
Climat_Dtc.2021	2021	2	23	54	16.01	25.04	21.13	-999.9	5	3.09	18.4	416.41
Climat_Dtc.2021	2021	2	24	55	15.103	25.113	24.9	-999.9	5	1.91	19.6	416.41
Climat_Dtc.2021	2021	2	25	56	15.986	26.989	24.73	-999.9	0	1.3	21.4	416.41
Climat_Dtc.2021	2021	2	26	57	15.772	25.695	20.7	-999.9	0	1.39	22.3	416.41
Climat_Dtc.2021	2021	2	27	58	15.557	20.246	10.66	-999.9	19	3.88	19.5	416.41
Climat_Dtc.2021	2021	2	28	59	14.673	18.699	9.23	-999.9	5	4.65	19	416.41
Climat_Dtc.2021	2021	3	1	60	14.314	20.722	13.29	-999.9	8	3.89	16.1	416.41
Climat_Dtc.2021	2021	3	2	61	14.457	24.919	21.72	-999.9	10	2.39	17.9	416.41
Climat_Dtc.2021	2021	3	3	62	13.858	24.002	23.42	-999.9	0	2.03	19.1	416.41
Climat_Dtc.2021	2021	3	4	63	14.721	24.895	19	-999.9	11	1.32	19.8	416.41
Climat_Dtc.2021	2021	3	5	64	17.249	25.331	18.61	-999.9	4	1.28	20.5	416.41
Climat_Dtc.2021	2021	3	6	65	16.058	25.453	20.98	-999.9	5	2.07	18.4	416.41
Climat_Dtc.2021	2021	3	7	66	15.247	24.702	23.56	-999.9	0	2.12	19.8	416.41
Climat_Dtc.2021	2021	3	8	67	12.485	24.871	24.93	-999.9	0	1.7	18.4	416.41
Climat_Dtc.2021	2021	3	9	68	12.823	26.061	24.77	-999.9	0	0.98	19.2	416.41
Climat_Dtc.2021	2021	3	10	69	14.314	27.259	24.08	-999.9	0	1.17	19.3	416.41
Climat_Dtc.2021	2021	3	11	70	14.457	28.196	25.55	-999.9	0	1.26	20.2	416.41
Climat_Dtc.2021	2021	3	12	71	14.194	27.284	25.51	-999.9	0	2.04	19.8	416.41
Climat_Dtc.2021	2021	3	13	72	14.002	26.28	24.07	-999.9	0	2.71	18.5	416.41
Climat_Dtc.2021	2021	3	14	73	14.768	25.695	23.9	-999.9	0	2.81	18.1	416.41
Climat_Dtc.2021	2021	3	15	74	16.63	26.28	22.63	-999.9	0	1.91	19.9	416.41
Climat_Dtc.2021	2021	3	16	75	15.7	26.256	25.85	-999.9	0	1.38	20.5	416.41
Climat_Dtc.2021	2021	3	17	76	15.318	26.965	23.84	-999.9	0	1.22	19.1	416.41
Climat_Dtc.2021	2021	3	18	77	13.088	26.842	25.14	-999.9	0	1.3	17.5	416.41
Climat_Dtc.2021	2021	3	19	78	12.098	27.087	25.78	-999.9	0	1.54	17.6	416.41
Climat_Dtc.2021	2021	3	20	79	13.016	26.622	25.18	-999.9	0	1.8	19.1	416.41
Climat_Dtc.2021	2021	3	21	80	16.511	25.939	20.78	-999.9	0	1.12	19.8	416.41
Climat_Dtc.2021	2021	3	22	81	15.366	27.53	22.56	-999.9	0	1.56	20.7	416.41
Climat_Dtc.2021	2021	3	23	82	15.294	24.557	17.28	-999.9	0	2.3	20.2	416.41
Climat_Dtc.2021	2021	3	24	83	15.318	24.267	15.9	-999.9	0	2.39	20.1	416.41
Climat_Dtc.2021	2021	3	25	84	15.652	25.186	18.87	-999.9	0	1.48	18.9	416.41
Climat_Dtc.2021	2021	3	26	85	14.409	26.622	19.15	-999.9	0	0.93	19.5	416.41
Climat_Dtc.2021	2021	3	27	86	14.673	28.766	20.73	-999.9	0	1.85	19.9	416.41
Climat_Dtc.2021	2021	3	28	87	13.185	25.21	20.51	-999.9	0	2.92	17.4	416.41
Climat_Dtc.2021	2021	3	29	88	13.618	24.171	19.89	-999.9	0	3.23	17.8	416.41
Climat_Dtc.2021	2021	3	30	89	10.98	24.219	24	-999.9	0	2.57	16.5	416.41
Climat_Dtc.2021	2021	3	31	90	8.195	23.809	24.59	-999.9	0	2.03	13.2	416.41
Climat_Dtc.2021	2021	4	1	91	8.99	26.109	26.24	-999.9	0	1.54	13.9	416.41
Climat_Dtc.2021	2021	4	2	92	8.02	25.744	24.72	-999.9	0	1.2	15.8	416.41
Climat_Dtc.2021	2021	4	3	93	8.245	28.32	25.61	-999.9	0	1.32	16.2	416.41
Climat_Dtc.2021	2021	4	4	94	10.687	26.256	25	-999.9	0	2.05	16.5	416.41
Climat_Dtc.2021	2021	4	5	95	11.2	27.974	23.52	-999.9	0	1.46	17.8	416.41
Climat_Dtc.2021	2021	4	6	96	13.209	26.036	19.43	-999.9	0	2.3	18.9	416.41
Climat_Dtc.2021	2021	4	7	97	10.736	24.243	24.55	-999.9	0	2.55	16.1	416.41
Climat_Dtc.2021	2021	4	8	98	7.268	24.992	25.54	-999.9	0	2.09	14.7	416.41
Climat_Dtc.2021	2021	4	9	99	9.089	25.065	24.48	-999.9	0	2.1	15.5	416.41
Climat_Dtc.2021	2021	4	10	100	11.078	25.04	23.99	-999.9	0	2.65	16.7	416.41
Climat_Dtc.2021	2021	4	11	101	9.336	25.598	22.98	-999.9	0	2.34	16.4	416.41
Climat_Dtc.2021	2021	4	12	102	10.541	26.524	22.32	-999.9	0	2.57	15.8	416.41
Climat_Dtc.2021	2021	4	13	103	12.05	25.234	23.36	-999.9	0	2.71	15	416.41
Climat_Dtc.2021	2021	4	14	104	11.443	26.573	24.41	-999.9	0	2.8	15.7	416.41
Climat_Dtc.2021	2021	4	15	105	8.195	25.695	24.24	-999.9	0	2.2	15	416.41
Climat_Dtc.2021	2021	4	16	106	7.318	26.207	23.63	-999.9	0	3.15	14.2	416.41
Climat_Dtc.2021	2021	4	17	107	10.051	21.27	16.37	-999.9	0	3.96	14.7	416.41
Climat_Dtc.2021	2021	4	18	108	8.693	22.011	19.3	-999.9	0	2.46	13	416.41
Climat_Dtc.2021	2021	4	19	109	8.693	20.889	16.99	-999.9	0	1.85	13.7	416.41
Climat_Dtc.2021	2021	4	20	110	10.124	20.103	14.45	-999.9	0	2.28	13.6	416.41
Climat_Dtc.2021	2021	4	21	111	10.785	24.363	21.1	-999.9	0	2.2	15.1	416.41
Climat_Dtc.2021	2021	4	22	112	9.41	23.857	16.73	-999.9	0	1.75	15.3	416.41
Climat_Dtc.2021	2021	4	23	113	10.001	25.355	20.91	-999.9	0	1.3	16.5	416.41
Climat_Dtc.2021	2021	4	24	114	10.418	25.355	20.99	-999.9	0	0.9	17	416.41
Climat_Dtc.2021	2021	4	25	115	11.273	25.695	20.87	-999.9	0	1.08	16.9	416.41
Climat_Dtc.2021	2021	4	26	116	10.687	26.134	20.99	-999.9	0	1.47	16.4	416.41
Climat_Dtc.2021	2021	4	27	117	12.485	26.671	21.59	-999.9	0	1.22	16	416.41
Climat_Dtc.2021	2021	4	28	118	13.64	25.69	20.53	-999.9	0	1.45	17.8	416.41
Climat_Dtc.2021	2021	4	29	119	14.89	26.08	21.12	-999.9	0	1.91	19.2	416.41
Climat_Dtc.2021	2021	4	30	120	14.83	26.97	18.32	-999.9	19	1.03	18.9	416.41
Climat_Dtc.2021	2021	5	1	121	16.59	26.55	13.87	-999.9	0	1.4	19.7	416.41
Climat_Dtc.2021	2021	5	2	122	12.97	19.58	7.96	-999.9	0	4.12	14.5	416.41
Climat_Dtc.2021	2021	5	3	123	11.07	23.19	21.79	-999.9	0	3.18	13.9	416.41
Climat_Dtc.2021	2021	5	4	124	9.19	23.19	22.21	-999.9	0	2.04	12.9	416.41
Climat_Dtc.2021	2021	5	5	125	8.26	23.93	21.59	-999.9	0	1.52	12.7	416.41
Climat_Dtc.2021	2021	5	6	126	8.4	24.04	22	-999.9	0	1.91	12.6	416.41
Climat_Dtc.2021	2021	5	7	127	7.18	23.51	21.02	-999.9	0	1.95	12.4	416.41
Climat_Dtc.2021	2021	5	8	128	8.94	23.73	21.91	-999.9	0	1.54	13.4	416.41
Climat_Dtc.2021	2021	5	9	129	9.65	25.6	21.34	-999.9	0	1.96	13.1	416.41
Climat_Dtc.2021	2021	5	10	130	10.15	24.04	20.39	-999.9	0	2.95	12.7	416.41
Climat_Dtc.2021	2021	5	11	131	8.16	23.02	20.78	-999.9	0	2.64	12.8	416.41
Climat_Dtc.2021	2021	5	12	132	8.88	22.91	20.25	-999.9	0	1.98	13.9	416.41
Climat_Dtc.2021	2021	5	13	133	10.44	23.01	18.07	-999.9	0	1.88	14.3	416.41
Climat_Dtc.2021	2021	5	14	134	8.41	22.87	19.93	-999.9	0	1.34	12.8	416.41
Climat_Dtc.2021	2021	5	15	135	10.26	24.3	19.71	-999.9	0	0.82	12.8	416.41
Climat_Dtc.2021	2021	5	16	136	12.65	25.67	20.41	-999.9	0	0.9	12.5	416.41
Climat_Dtc.2021	2021	5	17	137	11.56	26.16	20.22	-999.9	0	1.8	11.9	416.41
Climat_Dtc.2021	2021	5	18	138	9.21	24.5	20.39	-999.9	0	2.51	11.8	416.41
Climat_Dtc.2021	2021	5	19	139	10.47	23.48	16.65	-999.9	0	2.4	15	416.41
Climat_Dtc.2021	2021	5	20	140	10.01	23.43	16.86	-999.9	0	1.13	13.3	416.41
Climat_Dtc.2021	2021	5	21	141	10.93	25.12	19.52	-999.9	0	1.12	12.4	416.41
Climat_Dtc.2021	2021	5	22	142	8.76	23.47	19.47	-999.9	0	2.84	10.8	416.41
Climat_Dtc.2021	2021	5	23	143	10.17	21.47	11.83	-999.9	0	3.6	14.5	416.41
Climat_Dtc.2021	2021	5	24	144	9.25	21.81	17.96	-999.9	0	2.8	13	416.41
Climat_Dtc.2021	2021	5	25	145	6.58	21.52	20.2	-999.9	0	1.96	11.1	416.41
Climat_Dtc.2021	2021	5	26	146	6.24	22.53	20.06	-999.9	0	1.23	10.6	416.41
Climat_Dtc.2021	2021	5	27	147	5.94	22.49	20.06	-999.9	0	1.41	8.9	416.41
Climat_Dtc.2021	2021	5	28	148	6.8	23.21	19.56	-999.9	0	0.71	8.3	416.41
Climat_Dtc.2021	2021	5	29	149	8.06	24.87	19.56	-999.9	0	1.38	8.3	416.41
Climat_Dtc.2021	2021	5	30	150	9.69	24.9	18.43	-999.9	0	1.25	9.8	416.41
Climat_Dtc.2021	2021	5	31	151	7.91	23.13	18.88	-999.9	0	2.33	10.8	416.41
Climat_Dtc.2021	2021	6	1	152	8	23.33	17.64	-999.9	0	1.67	12.6	416.41
Climat_Dtc.2021	2021	6	2	153	10.12	23.19	12.44	-999.9	0	1.53	14	416.41
Climat_Dtc.2021	2021	6	3	154	10.49	24.16	15.71	-999.9	0	1.57	13.5	416.41
Climat_Dtc.2021	2021	6	4	155	8.54	17.56	14.16	-999.9	0	3.23	11.7	416.41
Climat_Dtc.2021	2021	6	5	156	7.13	19.72	17.36	-999.9	0	3.6	11.1	416.41
Climat_Dtc.2021	2021	6	6	157	7.19	19.65	18.36	-999.9	0	3.49	11.1	416.41
Climat_Dtc.2021	2021	6	7	158	7.69	20.05	16.79	-999.9	0	3.16	12.2	416.41
Climat_Dtc.2021	2021	6	8	159	8.23	20.42	14.22	-999.9	0	2.54	12.3	416.41
Climat_Dtc.2021	2021	6	9	160	7.61	21.34	18.67	-999.9	0	1.95	12	416.41
Climat_Dtc.2021	2021	6	10	161	7.98	21.73	18.81	-999.9	0	1.84	12	416.41
Climat_Dtc.2021	2021	6	11	162	6.79	21.26	16.34	-999.9	0	2.08	10.6	416.41
Climat_Dtc.2021	2021	6	12	163	6.76	21.55	19.23	-999.9	0	2.45	11	416.41
Climat_Dtc.2021	2021	6	13	164	5.6	22.44	18.11	-999.9	0	2.37	10.3	416.41
Climat_Dtc.2021	2021	6	14	165	6.74	22.52	18.57	-999.9	0	1.7	11.2	416.41
Climat_Dtc.2021	2021	6	15	166	6.62	22.48	18.56	-999.9	0	1.41	11.6	416.41
Climat_Dtc.2021	2021	6	16	167	5.67	21.74	18.99	-999.9	0	1.62	11.5	416.41
Climat_Dtc.2021	2021	6	17	168	8.3	22.25	10.69	-999.9	0	1.15	12.7	416.41
Climat_Dtc.2021	2021	6	18	169	9.89	23.69	15.73	-999.9	0	2	12.9	416.41
Climat_Dtc.2021	2021	6	19	170	9.58	21.11	16.41	-999.9	0	3.7	12	416.41
Climat_Dtc.2021	2021	6	20	171	9.41	20.37	16.26	-999.9	0	3	12.4	416.41
Climat_Dtc.2021	2021	6	21	172	8.58	20.44	13.37	-999.9	0	2.54	12.3	416.41
Climat_Dtc.2021	2021	6	22	173	8.57	21.01	15.72	-999.9	0	1.84	12.5	416.41
Climat_Dtc.2021	2021	6	23	174	8.28	21.52	13.78	-999.9	0	1.12	12.5	416.41
Climat_Dtc.2021	2021	6	24	175	8.37	22.02	12.23	-999.9	0	1.23	12.4	416.41
Climat_Dtc.2021	2021	6	25	176	9.44	23.47	15.01	-999.9	0	1.05	11.7	416.41
Climat_Dtc.2021	2021	6	26	177	9.83	24.85	18.52	-999.9	0	1.36	10.8	416.41
Climat_Dtc.2021	2021	6	27	178	9.4	25.07	18.5	-999.9	0	1.7	10.3	416.41
Climat_Dtc.2021	2021	6	28	179	7.94	23.59	18.6	-999.9	0	1.8	10.7	416.41
Climat_Dtc.2021	2021	6	29	180	9.15	24.05	18.43	-999.9	0	1.05	9.7	416.41
Climat_Dtc.2021	2021	6	30	181	10.74	24.55	18.96	-999.9	0	0.85	9.5	416.41
Climat_Dtc.2021	2021	7	1	182	9.56	25.98	19.1	-999.9	0	1.49	9.2	416.41
Climat_Dtc.2021	2021	7	2	183	6.54	24.19	19.02	-999.9	0	2.55	8.7	416.41
Climat_Dtc.2021	2021	7	3	184	5.7	23.9	19.34	-999.9	0	2.3	9.2	416.41
Climat_Dtc.2021	2021	7	4	185	6.39	24.7	19.06	-999.9	0	1.34	7.9	416.41
Climat_Dtc.2021	2021	7	5	186	6.65	23.85	18.99	-999.9	0	2.44	8.5	416.41
Climat_Dtc.2021	2021	7	6	187	6.49	21.22	18.2	-999.9	0	3.16	10.6	416.41
Climat_Dtc.2021	2021	7	7	188	8.18	20.51	13.11	-999.9	0	2.39	12.3	416.41
Climat_Dtc.2021	2021	7	8	189	6.38	20.5	17.8	-999.9	0	2.16	10.3	416.41
Climat_Dtc.2021	2021	7	9	190	5.14	21.74	19.39	-999.9	0	1.57	9.8	416.41
Climat_Dtc.2021	2021	7	10	191	7.37	21.3	19.37	-999.9	0	2.32	11.4	416.41
Climat_Dtc.2021	2021	7	11	192	5.73	22.05	19.39	-999.9	0	2.29	11.1	416.41
Climat_Dtc.2021	2021	7	12	193	9.1	22.67	17.51	-999.9	0	2.08	13.3	416.41
Climat_Dtc.2021	2021	7	13	194	9.08	23.3	17.49	-999.9	0	1.4	13	416.41
Climat_Dtc.2021	2021	7	14	195	10.54	22.31	14.18	-999.9	0	2.55	13	416.41
Climat_Dtc.2021	2021	7	15	196	10.38	20.87	13.2	-999.9	0	4.4	13.2	416.41
Climat_Dtc.2021	2021	7	16	197	8.98	20.49	7.59	-999.9	0	3.68	12.3	416.41
Climat_Dtc.2021	2021	7	17	198	6.1	21.78	18.87	-999.9	0	2.81	10.2	416.41
Climat_Dtc.2021	2021	7	18	199	6.14	21.01	16.48	-999.9	0	2.84	8.7	416.41
Climat_Dtc.2021	2021	7	19	200	5.3	20.53	17.88	-999.9	0	2.23	9.5	416.41
Climat_Dtc.2021	2021	7	20	201	6.51	21.73	15.48	-999.9	0	1.82	10.9	416.41
Climat_Dtc.2021	2021	7	21	202	9.58	24.2	17.85	-999.9	0	0.99	11.3	416.41
Climat_Dtc.2021	2021	7	22	203	8.51	24.98	16.11	-999.9	0	1.69	9.9	416.41
Climat_Dtc.2021	2021	7	23	204	8.04	23.48	16.08	-999.9	0	3.69	8.2	416.41
Climat_Dtc.2021	2021	7	24	205	6.41	19.48	15.56	-999.9	0	4.2	9.9	416.41
Climat_Dtc.2021	2021	7	25	206	5.1	18.33	19.15	-999.9	0	3.73	9.3	416.41
Climat_Dtc.2021	2021	7	26	207	5.38	19.47	18.37	-999.9	0	3.89	9.8	416.41
Climat_Dtc.2021	2021	7	27	208	3.85	20.23	20.53	-999.9	0	3.04	9.7	416.41
Climat_Dtc.2021	2021	7	28	209	6.45	20.07	11.58	-999.9	0	2.12	10.4	416.41
Climat_Dtc.2021	2021	7	29	210	6	23.05	20.68	-999.9	0	1.52	10.7	416.41
Climat_Dtc.2021	2021	7	30	211	6.49	21.67	19.52	-999.9	0	3.39	10.6	416.41
Climat_Dtc.2021	2021	7	31	212	7.38	21.46	17.47	-999.9	0	3.68	12.2	416.41
Climat_Dtc.2021	2021	8	1	213	9.14	23.05	18.65	-999.9	0	2.34	12	416.41
Climat_Dtc.2021	2021	8	2	214	6.62	24.49	21.55	-999.9	0	1.59	9.7	416.41
Climat_Dtc.2021	2021	8	3	215	6.5	22.38	20.92	-999.9	0	2.62	9.1	416.41
Climat_Dtc.2021	2021	8	4	216	5.6	22.01	21.32	-999.9	0	2.19	10.1	416.41
Climat_Dtc.2021	2021	8	5	217	5.49	23.04	21.56	-999.9	0	1.08	9.7	416.41
Climat_Dtc.2021	2021	8	6	218	8.64	24.87	21.09	-999.9	0	0.96	9.2	416.41
Climat_Dtc.2021	2021	8	7	219	8.01	26.3	20.9	-999.9	0	2.56	9.6	416.41
Climat_Dtc.2021	2021	8	8	220	7.49	25.21	21.28	-999.9	0	2.28	11	416.41
Climat_Dtc.2021	2021	8	9	221	7.14	26.02	21.12	-999.9	0	1.88	10.3	416.41
Climat_Dtc.2021	2021	8	10	222	8.15	25.35	21.13	-999.9	0	3.3	9.5	416.41
Climat_Dtc.2021	2021	8	11	223	10.59	23.33	17.87	-999.9	0	3.13	13.9	416.41
Climat_Dtc.2021	2021	8	12	224	9.48	26.26	21.93	-999.9	0	1.28	13.1	416.41
Climat_Dtc.2021	2021	8	13	225	11.38	28.66	21.61	-999.9	0	2.95	11.8	416.41
Climat_Dtc.2021	2021	8	14	226	11.43	23.26	16.8	-999.9	0	4.95	14.3	416.41
Climat_Dtc.2021	2021	8	15	227	9.68	23.24	14.04	-999.9	0	3.66	12.1	416.41
Climat_Dtc.2021	2021	8	16	228	7.77	22.87	21.16	-999.9	0	3.05	11.7	416.41
Climat_Dtc.2021	2021	8	17	229	8.15	24.09	21.57	-999.9	0	2.26	11.5	416.41
Climat_Dtc.2021	2021	8	18	230	7.83	25.8	22.45	-999.9	0	1.28	11.7	416.41
Climat_Dtc.2021	2021	8	19	231	12.15	27.95	22.79	-999.9	0	1	10.3	416.41
Climat_Dtc.2021	2021	8	20	232	13.98	28.77	21.93	-999.9	0	2.05	10.6	416.41
Climat_Dtc.2021	2021	8	21	233	11.32	25.4	17.2	-999.9	0	3.28	11.9	416.41
Climat_Dtc.2021	2021	8	22	234	14.33	25.21	11.38	-999.9	0	2.64	16.4	416.41
Climat_Dtc.2021	2021	8	23	235	13.05	22.84	19.12	-999.9	0	3.04	15.8	416.41
Climat_Dtc.2021	2021	8	24	236	11.76	26.95	21.15	-999.9	0	2.13	15.3	416.41
Climat_Dtc.2021	2021	8	25	237	11.69	27.87	23.05	-999.9	0	2.99	12.4	416.41
Climat_Dtc.2021	2021	8	26	238	11.92	26.53	21.93	-999.9	0	4.04	12.7	416.41
Climat_Dtc.2021	2021	8	27	239	11.3	27.26	22.49	-999.9	0	3.02	12.1	416.41
Climat_Dtc.2021	2021	8	28	240	12.08	29.47	21.27	-999.9	0	1.49	11.8	416.41
Climat_Dtc.2021	2021	8	29	241	12.68	27.8	19.01	-999.9	0	4.24	13.2	416.41
Climat_Dtc.2021	2021	8	30	242	9.93	26.08	19.99	-999.9	0	3.09	13	416.41
Climat_Dtc.2021	2021	8	31	243	9.94	28.98	23.63	-999.9	0	1.67	13.3457511196547	416.41
Climat_Dtc.2021	2021	9	1	244	11.33	29.2	23.75	-999.9	0	3.16	12.3	416.41
Climat_Dtc.2021	2021	9	2	245	12.99	27.16	20.84	-999.9	0	3.74	15.2	416.41
Climat_Dtc.2021	2021	9	3	246	13.14	27.14	20.29	-999.9	0	3.16	16.5	416.41
Climat_Dtc.2021	2021	9	4	247	12.79	27.53	21.95	-999.9	0	3.27	14.6	416.41
Climat_Dtc.2021	2021	9	5	248	12	27.87	23.11	-999.9	0	3.06	12.8	416.41
Climat_Dtc.2021	2021	9	6	249	11.63	28.06	23.35	-999.9	0	2.81	12.4	416.41
Climat_Dtc.2021	2021	9	7	250	11.56	28.77	22.38	-999.9	0	3.08	12.8	416.41
Climat_Dtc.2021	2021	9	8	251	11.93	28.01	20.33	-999.9	0	3.62	12.9	416.41
Climat_Dtc.2021	2021	9	9	252	10.95	28.2	22.2	-999.9	0	3.5	13.4	416.41
Climat_Dtc.2021	2021	9	10	253	11.83	26	16	-999.9	0	4.9	14.3	416.41
Climat_Dtc.2021	2021	9	11	254	9.12	24.38	26.1	-999.9	0	4.1	11.5	416.41
Climat_Dtc.2021	2021	9	12	255	9.16	25.88	22.2	-999.9	0	2.7	12.2	416.41
Climat_Dtc.2021	2021	9	13	256	11.5	27.05	21.8	-999.9	0	2.5	13.2	416.41
Climat_Dtc.2021	2021	9	14	257	13.29	29.7	24.2	-999.9	0	2.6	13	416.41
Climat_Dtc.2021	2021	9	15	258	13.97	31.62	24	-999.9	0	2.3	12.4	416.41
Climat_Dtc.2021	2021	9	16	259	14.45	32.51	22.3	-999.9	0	2.3	11	416.41
Climat_Dtc.2021	2021	9	17	260	14.77	33.02	20	-999.9	0	2.9	13.3	416.41
Climat_Dtc.2021	2021	9	18	261	13.7	27.49	13.1	-999.9	0	5.3	15	416.41
Climat_Dtc.2021	2021	9	19	262	11.75	28.27	23.4	-999.9	0	3	13.3	416.41
Climat_Dtc.2021	2021	9	20	263	9.81	31.14	26.7	-999.9	0	2.6	11.4	416.41
Climat_Dtc.2021	2021	9	21	264	11.39	33.12	24.8	-999.9	0	2.9	9.1	416.41
Climat_Dtc.2021	2021	9	22	265	11.79	28.49	25.6	-999.9	0	4.8	13.1	416.41
Climat_Dtc.2021	2021	9	23	266	12.73	27.42	23.6	-999.9	0	4	14.2	416.41
Climat_Dtc.2021	2021	9	24	267	11.35	30.24	25.5	-999.9	0	2.2	12.7	416.41
Climat_Dtc.2021	2021	9	25	268	11.37	29.09	26.8	-999.9	0	3.2	10.3	416.41
Climat_Dtc.2021	2021	9	26	269	11.41	29.43	23.6	-999.9	0	3	10.8	416.41
Climat_Dtc.2021	2021	9	27	270	14.98	28.94	19.8	-999.9	0	3.4	13.1	416.41
Climat_Dtc.2021	2021	9	28	271	14.94	30.87	20	-999.9	1	1.9	13.5	416.41
Climat_Dtc.2021	2021	9	29	272	16.23	32.76	21.1	-999.9	0	2.6	13.5	416.41
Climat_Dtc.2021	2021	9	30	273	16.8	30.62	21.3	-999.9	0	4.6	15.1	416.41
Climat_Dtc.2021	2021	10	1	274	14.98	29.97	23.6	-999.9	1.1	3.7	15.9	416.41
Climat_Dtc.2021	2021	10	2	275	14.8	32.1	23.5	-999.9	0	2.7	13.5	416.41
Climat_Dtc.2021	2021	10	3	276	17.5	29	10.1	-999.9	0	2.2	13.8	416.41
Climat_Dtc.2021	2021	10	4	277	18.4	26.6	5.1	-999.9	3.3	3.3	18.4	416.41
Climat_Dtc.2021	2021	10	5	278	17.1	30	21.2	-999.9	0	3.8	17.8	416.41
Climat_Dtc.2021	2021	10	6	279	14.4	32.2	26.8	-999.9	0	3.5	15.2	416.41
Climat_Dtc.2021	2021	10	7	280	14.2	31.1	24.6	-999.9	0	3.7	15.4	416.41
Climat_Dtc.2021	2021	10	8	281	14.7	29.6	23.3	-999.9	0	2.6	15.4	416.41
Climat_Dtc.2021	2021	10	9	282	15.8	34.7	23.5	-999.9	0	1.5	13.4	416.41
Climat_Dtc.2021	2021	10	10	283	17.3	34.3	24	-999.9	0	4.3	13.8	416.41
Climat_Dtc.2021	2021	10	11	284	14.2	27.7	15	-999.9	0	5.6	14.4	416.41
Climat_Dtc.2021	2021	10	12	285	11	30.2	28.7	-999.9	0	2.7	10.9	416.41
Climat_Dtc.2021	2021	10	13	286	10.6	31.2	29.5	-999.9	0	2.8	7.6	416.41
Climat_Dtc.2021	2021	10	14	287	12.6	30.1	22.1	-999.9	1.5	2.8	10.2	416.41
Climat_Dtc.2021	2021	10	15	288	15.9	31.6	24.4	-999.9	0.6	2.9	14.1	416.41
Climat_Dtc.2021	2021	10	16	289	16.8	33.7	24.2	-999.9	0	2.5	14.5	416.41
Climat_Dtc.2021	2021	10	17	290	18.8	36.4	22.7	-999.9	1.4	2.4	13.9	416.41
Climat_Dtc.2021	2021	10	18	291	18.6	32.3	19.2	-999.9	3.5	4.4	17.8	416.41
Climat_Dtc.2021	2021	10	19	292	15.3	25.5	13.1	-999.9	3.9	4.9	15.7	416.41
Climat_Dtc.2021	2021	10	20	293	13	26.5	17.7	-999.9	0.7	4.4	14.7	416.41
Climat_Dtc.2021	2021	10	21	294	12.3	27.8	20.4	-999.9	0	3.2	14.2	416.41
Climat_Dtc.2021	2021	10	22	295	13.5	31.2	27.2	-999.9	0	2.2	14	416.41
Climat_Dtc.2021	2021	10	23	296	16.9	34.9	26.7	-999.9	0	1.8	14.3	416.41
Climat_Dtc.2021	2021	10	24	297	19.6	35.4	23.1	-999.9	0	2.7	15	416.41
Climat_Dtc.2021	2021	10	25	298	18.3	32	26.5	-999.9	0	5.4	17.4	416.41
Climat_Dtc.2021	2021	10	26	299	17.8	32	25.8	-999.9	0	4.7	18.8	416.41
Climat_Dtc.2021	2021	10	27	300	16.7	30.6	19.7	-999.9	0	4.5	17.5	416.41
Climat_Dtc.2021	2021	10	28	301	14.9	30.8	24.4	-999.9	0	4.3	15.8	416.41
Climat_Dtc.2021	2021	10	29	302	13.8	32	28.2	-999.9	0	2.5	14.3	416.41
Climat_Dtc.2021	2021	10	30	303	14.7	34.8	26.5	-999.9	0.5	1.5	13.3	416.41
Climat_Dtc.2021	2021	10	31	304	18.2	35	25.6	-999.9	0	1.8	12.3	416.41
Climat_Dtc.2021	2021	11	1	305	22.2	23.3	12.1	-999.9	0	2	15.7	416.41
Climat_Dtc.2021	2021	11	2	306	21.9	22.7	19	-999.9	0	1.2	15.3	416.41
Climat_Dtc.2021	2021	11	3	307	25.6	26.5	25.3	-999.9	0	2	11.9	416.41
Climat_Dtc.2021	2021	11	4	308	24.4	25.2	26	-999.9	0	4.2	14.3	416.41
Climat_Dtc.2021	2021	11	5	309	23.9	24.8	27.4	-999.9	0	3.7	12.5	416.41
Climat_Dtc.2021	2021	11	6	310	24.7	25.7	25.2	-999.9	0	3.5	11.3	416.41
Climat_Dtc.2021	2021	11	7	311	25.4	26.5	25.2	-999.9	0	3.7	9.7	416.41
Climat_Dtc.2021	2021	11	8	312	25.4	26.4	27.7	-999.9	0	3.2	8.8	416.41
Climat_Dtc.2021	2021	11	9	313	26.5	27.6	25.6	-999.9	0	2.7	10.8	416.41
Climat_Dtc.2021	2021	11	10	314	24.8	26.5	21.9	-999.9	0	4.5	16.5	416.41
Climat_Dtc.2021	2021	11	11	315	20.5	22.3	15	-999.9	0	3.2	18.8	416.41
Climat_Dtc.2021	2021	11	12	316	19.7	21.7	18.9	-999.9	35	2.8	18.2	416.41
Climat_Dtc.2021	2021	11	13	317	22.2	23.7	24.8	-999.9	0	2.8	17.7	416.41
Climat_Dtc.2021	2021	11	14	318	22.2	23.4	23.1	-999.9	0	3.5	16.2	416.41
Climat_Dtc.2021	2021	11	15	319	22.4	24	26.2	-999.9	0	3.9	15.5	416.41
Climat_Dtc.2021	2021	11	16	320	22.4	24.3	26.8	-999.9	0	3.1	16.6	416.41
Climat_Dtc.2021	2021	11	17	321	24.2	26.4	27.4	-999.9	0	3	14.7	416.41
Climat_Dtc.2021	2021	11	18	322	25.8	27.7	28.8	-999.9	0	2.1	12.2	416.41
Climat_Dtc.2021	2021	11	19	323	24.8	27	21.6	-999.9	0	2.5	14.7	416.41
Climat_Dtc.2021	2021	11	20	324	19	20.9	14.6	-999.9	19	2.7	18.8	416.41
Climat_Dtc.2021	2021	11	21	325	20.5	23.1	17.4	-999.9	17	3.4	20.3	416.41
Climat_Dtc.2021	2021	11	22	326	20.8	22.6	13.5	-999.9	0	3	19.8	416.41
Climat_Dtc.2021	2021	11	23	327	19.9	20.9	18.7	-999.9	11	2.3	19.7	416.41
Climat_Dtc.2021	2021	11	24	328	22.7	24.7	24	-999.9	22	1.8	19	416.41
Climat_Dtc.2021	2021	11	25	329	18.3	20	20.8	-999.9	11	4.2	19.2	416.41
Climat_Dtc.2021	2021	11	26	330	18.3	20.9	17.1	-999.9	49	4.2	19.4	416.41
Climat_Dtc.2021	2021	11	27	331	18.7	22.2	25.1	-999.9	0	3.8	17.4	416.41
Climat_Dtc.2021	2021	11	28	332	19	21.8	28.8	-999.9	0	2.5	16.8	416.41
Climat_Dtc.2021	2021	11	29	333	22.4	24.7	29.9	-999.9	0	2.5	15.6	416.41
Climat_Dtc.2021	2021	11	30	334	23.5	25.1	30	-999.9	0	2.8	13.2	416.41
Climat_Dtc.2021	2021	12	1	335	23.8	26.1	29.7	-999.9	0	3.3	12.4	416.41
Climat_Dtc.2021	2021	12	2	336	23.6	25.2	29.7	-999.9	0	3.3	13.5	416.41
Climat_Dtc.2021	2021	12	3	337	23.8	25.6	27.9	-999.9	0	3.5	17.6	416.41
Climat_Dtc.2021	2021	12	4	338	24.6	26.8	29.1	-999.9	0	3.8	15.3	416.41
Climat_Dtc.2021	2021	12	5	339	25.1	27.6	28.4	-999.9	0	3.7	15	416.41
Climat_Dtc.2021	2021	12	6	340	24.9	27.1	27.6	-999.9	0	3.3	14.5	416.41
Climat_Dtc.2021	2021	12	7	341	24.6	26.6	25.4	-999.9	0	3.7	16.2	416.41
Climat_Dtc.2021	2021	12	8	342	24.5	27.9	21.2	-999.9	0	4.4	16.5	416.41
Climat_Dtc.2021	2021	12	9	343	24.3	27.2	28.4	-999.9	0	3.7	15.7	416.41
Climat_Dtc.2021	2021	12	10	344	24.7	26.9	29.5	-999.9	0	3.9	13.3	416.41
Climat_Dtc.2021	2021	12	11	345	24.6	26.4	29.9	-999.9	0	4.1	12.4	416.41
Climat_Dtc.2021	2021	12	12	346	24.4	25.5	28.2	-999.9	0	3.7	14	416.41
Climat_Dtc.2021	2021	12	13	347	25.3	27.3	27.2	-999.9	0	3.9	15.2	416.41
Climat_Dtc.2021	2021	12	14	348	23.4	25.2	19.7	-999.9	0	3.5	16.4	416.41
Climat_Dtc.2021	2021	12	15	349	20.1	22.4	11.3	-999.9	50	2.7	19.4	416.41
Climat_Dtc.2021	2021	12	16	350	21.6	24	19.5	-999.9	0	2.1	20.2	416.41
Climat_Dtc.2021	2021	12	17	351	18.8	20.7	8.1	-999.9	0	1.9	19.5	416.41
Climat_Dtc.2021	2021	12	18	352	17.5	18.4	8.2	-999.9	13	3.5	18.6	416.41
Climat_Dtc.2021	2021	12	19	353	17.5	19.3	9.9	-999.9	0	3.2	18.5	416.41
Climat_Dtc.2021	2021	12	20	354	18.1	18.9	9.3	-999.9	0	2.7	18.7	416.41
Climat_Dtc.2021	2021	12	21	355	18.5	19.2	10	-999.9	3	3	18.8	416.41
Climat_Dtc.2021	2021	12	22	356	19	20.3	10.8	-999.9	0	2.6	19.9	416.41
Climat_Dtc.2021	2021	12	23	357	20.8	23.2	19	-999.9	0	2	20.7	416.41
Climat_Dtc.2021	2021	12	24	358	19.6	21.4	7.4	-999.9	31	1.3	20	416.41
Climat_Dtc.2021	2021	12	25	359	21.4	24.1	25.4	-999.9	6	2.6	20.5	416.41
Climat_Dtc.2021	2021	12	26	360	19.7	21.1	14.6	-999.9	0	3.2	20.3	416.41
Climat_Dtc.2021	2021	12	27	361	21.3	22.7	25.1	-999.9	0	2.5	20.8	416.41
Climat_Dtc.2021	2021	12	28	362	23.7	25.8	28.2	-999.9	0	1.7	19.7	416.41
Climat_Dtc.2021	2021	12	29	363	24.4	27.6	28.8	-999.9	0	1.3	18.7	416.41
Climat_Dtc.2021	2021	12	30	364	21.9	25	21.2	-999.9	2	1.7	20.1	416.41
Climat_Dtc.2021	2021	12	31	365	22.9	27.2	23.8	-999.9	0	1.7	20.9	416.41
