Climat_Uzf.2020	2020	1	1	1	16.18	30.95	23.724	-999.9	0	4.34	19.2537624731402	414.21
Climat_Uzf.2020	2020	1	2	2	16.72	30.82	23.22	-999.9	0	4.07	20.3401514773969	414.21
Climat_Uzf.2020	2020	1	3	3	16.56	31.92	27.576	-999.9	0	5.07	19.8896762811561	414.21
Climat_Uzf.2020	2020	1	4	4	17.44	31.43	20.196	-999.9	20	4.12	20.6871016253651	414.21
Climat_Uzf.2020	2020	1	5	5	14.22	31.74	27.792	-999.9	30.6	3.31	20.0749321844642	414.21
Climat_Uzf.2020	2020	1	6	6	17.3	31.82	26.604	-999.9	0	2	19.4300014636768	414.21
Climat_Uzf.2020	2020	1	7	7	18.63	29.59	24.876	-999.9	0	3.26	20.7925853136952	414.21
Climat_Uzf.2020	2020	1	8	8	18.98	31.26	25.056	-999.9	15	3.2	22.9790343537498	414.21
Climat_Uzf.2020	2020	1	9	9	18.13	27.78	23.148	-999.9	0	1.55	22.1630510005597	414.21
Climat_Uzf.2020	2020	1	10	10	17.01	28.97	23.472	-999.9	19	3.95	23.3957610831477	414.21
Climat_Uzf.2020	2020	1	11	11	17.37	25.11	20.016	-999.9	0	3.38	22.1502356283317	414.21
Climat_Uzf.2020	2020	1	12	12	17.51	26.99	19.368	-999.9	8	2.8	22.523904380004	414.21
Climat_Uzf.2020	2020	1	13	13	16.75	28.37	20.484	-999.9	8	3.66	21.7158495415036	414.21
Climat_Uzf.2020	2020	1	14	14	17.42	27.23	22.068	-999.9	23	3.98	20.7333623383552	414.21
Climat_Uzf.2020	2020	1	15	15	17.7	25.67	16.236	-999.9	16	2.77	21.5696098109965	414.21
Climat_Uzf.2020	2020	1	16	16	17.56	26.06	15.984	-999.9	18.5	2.8	22.2166224163619	414.21
Climat_Uzf.2020	2020	1	17	17	17.18	26.4	20.592	-999.9	6.5	2.56	22.8731372168813	414.21
Climat_Uzf.2020	2020	1	18	18	18.82	26.33	19.512	-999.9	0	3.59	25.0843534806018	414.21
Climat_Uzf.2020	2020	1	19	19	19.22	25.57	15.12	-999.9	1.8	2.75	23.8970082511479	414.21
Climat_Uzf.2020	2020	1	20	20	16.44	24.99	13.86	-999.9	0	4.37	21.7535356460977	414.21
Climat_Uzf.2020	2020	1	21	21	12.97	23.76	21.708	-999.9	0	4.73	18.9087926106736	414.21
Climat_Uzf.2020	2020	1	22	22	11.05	27.19	29.232	-999.9	0	2.88	18.0247699084233	414.21
Climat_Uzf.2020	2020	1	23	23	15.01	28.3	29.268	-999.9	0	2.3	18.0068488189179	414.21
Climat_Uzf.2020	2020	1	24	24	15.46	28.15	26.604	-999.9	0	3.69	20.2773007994726	414.21
Climat_Uzf.2020	2020	1	25	25	14.31	29.16	25.2	-999.9	0	3.55	20.0093795848806	414.21
Climat_Uzf.2020	2020	1	26	26	15.13	30.47	28.368	-999.9	0	2.19	20.0709448482762	414.21
Climat_Uzf.2020	2020	1	27	27	15.7	31	28.8	-999.9	0	3.11	18.4605305240662	414.21
Climat_Uzf.2020	2020	1	28	28	15.37	28.72	24.264	-999.9	0	4.34	19.2906345581141	414.21
Climat_Uzf.2020	2020	1	29	29	15.99	28.94	21.96	-999.9	0	4.24	22.2238289113343	414.21
Climat_Uzf.2020	2020	1	30	30	16.63	24.94	14.58	-999.9	8	4.27	21.0169365880451	414.21
Climat_Uzf.2020	2020	1	31	31	16.56	26.06	18.144	-999.9	7.5	3.66	17.358732108116	414.21
Climat_Uzf.2020	2020	2	1	32	14.62	27.87	28.224	-999.9	0	3.66	17.341236481239	414.21
Climat_Uzf.2020	2020	2	2	33	15.22	27.31	24.48	-999.9	0	4.18	18.1965797446531	414.21
Climat_Uzf.2020	2020	2	3	34	15.58	29.02	25.992	-999.9	0	4.11	19.7070500473268	414.21
Climat_Uzf.2020	2020	2	4	35	15.77	27.7	26.028	-999.9	0	3.94	20.5664656918163	414.21
Climat_Uzf.2020	2020	2	5	36	17.03	27.65	24.768	-999.9	0	3.23	21.5184832194565	414.21
Climat_Uzf.2020	2020	2	6	37	16.08	26.01	16.812	-999.9	0	3.58	22.9175767941512	414.21
Climat_Uzf.2020	2020	2	7	38	17.65	26.26	17.784	-999.9	0	3.83	22.1171924102733	414.21
Climat_Uzf.2020	2020	2	8	39	17.13	24.17	12.492	-999.9	9	5.1	23.5567633698376	414.21
Climat_Uzf.2020	2020	2	9	40	17.53	23.86	13.608	-999.9	19.5	3.92	23.9212339484265	414.21
Climat_Uzf.2020	2020	2	10	41	16.89	26.45	19.764	-999.9	9	5.11	23.3113996793521	414.21
Climat_Uzf.2020	2020	2	11	42	17.65	21.1	11.124	-999.9	10	3.48	22.7044406933583	414.21
Climat_Uzf.2020	2020	2	12	43	17.51	24.17	10.8	-999.9	0	4.91	20.8115445573504	414.21
Climat_Uzf.2020	2020	2	13	44	16.7	24.58	14.364	-999.9	1	6.62	20.3274607439932	414.21
Climat_Uzf.2020	2020	2	14	45	17.63	24.58	14.904	-999.9	11	5.58	22.2256819179114	414.21
Climat_Uzf.2020	2020	2	15	46	17.72	25.57	17.964	-999.9	8.5	3.14	23.7010159799092	414.21
Climat_Uzf.2020	2020	2	16	47	17.8	26.87	16.056	-999.9	0	3.59	24.3689982880108	414.21
Climat_Uzf.2020	2020	2	17	48	17.56	26.82	25.128	-999.9	12	3.24	22.2309545151116	414.21
Climat_Uzf.2020	2020	2	18	49	16.22	28.34	27.396	-999.9	0	2.95	20.8766808655417	414.21
Climat_Uzf.2020	2020	2	19	50	16.77	28.57	24.12	-999.9	0	2.99	20.6635171751821	414.21
Climat_Uzf.2020	2020	2	20	51	15.01	28.3	25.164	-999.9	20	1.51	20.6706604920194	414.21
Climat_Uzf.2020	2020	2	21	52	17.75	30.8	25.128	-999.9	0	1.37	21.9229051546651	414.21
Climat_Uzf.2020	2020	2	22	53	17.75	29.94	24.696	-999.9	0	1.55	23.4749601036871	414.21
Climat_Uzf.2020	2020	2	23	54	18.51	28.94	20.592	-999.9	6.5	2.34	24.1214017947277	414.21
Climat_Uzf.2020	2020	2	24	55	15.87	20.79	9.036	-999.9	4	5.34	20.3538211211302	414.21
Climat_Uzf.2020	2020	2	25	56	14.12	23.83	18.756	-999.9	0	3.63	18.8084987825468	414.21
Climat_Uzf.2020	2020	2	26	57	14.17	25.5	22.392	-999.9	0	2.57	18.2468813958607	414.21
Climat_Uzf.2020	2020	2	27	58	13.88	26.26	26.388	-999.9	0	2.38	19.7819355684472	414.21
Climat_Uzf.2020	2020	2	28	59	14	28.84	27.432	-999.9	0	1.9	19.8347439982069	414.21
Climat_Uzf.2020	2020	2	29	60	16.37	27.21	23.904	-999.9	0	4.34	20.2875278728635	414.21
Climat_Uzf.2020	2020	3	1	61	14.89	26.89	23.148	-999.9	0	4.53	19.3897318747419	414.21
Climat_Uzf.2020	2020	3	2	62	13.5	23.71	18.648	-999.9	0	3.32	17.6927919281874	414.21
Climat_Uzf.2020	2020	3	3	63	15.89	22.06	13.788	-999.9	0	3.55	17.1708737316399	414.21
Climat_Uzf.2020	2020	3	4	64	15.27	21.77	16.704	-999.9	30	4.22	18.3533063230322	414.21
Climat_Uzf.2020	2020	3	5	65	15.51	23.45	18.324	-999.9	0	3.09	17.1771890164925	414.21
Climat_Uzf.2020	2020	3	6	66	13.81	25.74	20.844	-999.9	0	2.93	16.5003468937436	414.21
Climat_Uzf.2020	2020	3	7	67	12.1	24.68	20.772	-999.9	0	3.41	16.8055428056713	414.21
Climat_Uzf.2020	2020	3	8	68	11.22	27.87	25.56	-999.9	0	2.7	16.9545282213718	414.21
Climat_Uzf.2020	2020	3	9	69	13.26	29.29	25.02	-999.9	0	2.75	17.2122391850572	414.21
Climat_Uzf.2020	2020	3	10	70	16.94	28.92	22.788	-999.9	0	2.6	18.617746645316	414.21
Climat_Uzf.2020	2020	3	11	71	16.99	28.49	24.048	-999.9	0	2.59	19.7317488586598	414.21
Climat_Uzf.2020	2020	3	12	72	16.27	28.25	22.428	-999.9	0	3.8	21.0052555999849	414.21
Climat_Uzf.2020	2020	3	13	73	14.1	28.05	25.2	-999.9	0	3.81	21.3146775815494	414.21
Climat_Uzf.2020	2020	3	14	74	13.52	29.51	25.308	-999.9	0	3.21	21.0557310136027	414.21
Climat_Uzf.2020	2020	3	15	75	15.22	29.39	21.636	-999.9	0	1.99	19.4958851748776	414.21
Climat_Uzf.2020	2020	3	16	76	15.6	28.69	20.556	-999.9	0	3.3	19.6803121673325	414.21
Climat_Uzf.2020	2020	3	17	77	14.74	24.73	14.004	-999.9	0	5.06	19.1281703034446	414.21
Climat_Uzf.2020	2020	3	18	78	13.14	27.28	24.912	-999.9	0	3.77	17.9227974532731	414.21
Climat_Uzf.2020	2020	3	19	79	14.72	27.92	24.696	-999.9	0	3.22	17.8233927988237	414.21
Climat_Uzf.2020	2020	3	20	80	15.56	26.77	18.612	-999.9	0	2.95	18.0860551667305	414.21
Climat_Uzf.2020	2020	3	21	81	15.58	28.17	23.328	-999.9	20.5	3.41	19.3107232332227	414.21
Climat_Uzf.2020	2020	3	22	82	14.82	28.25	19.944	-999.9	0	3.83	18.5591307134493	414.21
Climat_Uzf.2020	2020	3	23	83	12.82	28.52	25.56	-999.9	0	3.02	15.78716375896	414.21
Climat_Uzf.2020	2020	3	24	84	13.98	29.87	24.624	-999.9	0	2.84	15.0864843429657	414.21
Climat_Uzf.2020	2020	3	25	85	15.08	28.64	20.7	-999.9	0	1.7	16.727887167469	414.21
Climat_Uzf.2020	2020	3	26	86	15.51	29.49	21.78	-999.9	0	1.66	17.7566051334416	414.21
Climat_Uzf.2020	2020	3	27	87	15.53	28.52	17.1	-999.9	0	2.62	16.8859915342515	414.21
Climat_Uzf.2020	2020	3	28	88	13.79	26.89	17.856	-999.9	0	3.87	18.8706350249523	414.21
Climat_Uzf.2020	2020	3	29	89	14.07	28.57	21.384	-999.9	0	2.54	17.492075992126	414.21
Climat_Uzf.2020	2020	3	30	90	13.62	27.46	20.952	-999.9	0	2.18	16.0653080317764	414.21
Climat_Uzf.2020	2020	3	31	91	12.32	29.07	22.752	-999.9	0	1.67	15.7253852186902	414.21
Climat_Uzf.2020	2020	4	1	92	12.99	31.41	25.56	-999.9	0	2.24	15.7142964784334	414.21
Climat_Uzf.2020	2020	4	2	93	14.58	27.97	24.372	-999.9	0	5.35	15.4776508497848	414.21
Climat_Uzf.2020	2020	4	3	94	13.35	27.46	24.372	-999.9	0	4.94	14.6347180180706	414.21
Climat_Uzf.2020	2020	4	4	95	12.53	28.3	20.376	-999.9	0	2.47	15.8048367882885	414.21
Climat_Uzf.2020	2020	4	5	96	12.99	27.14	21.708	-999.9	0	1.84	17.0981498607884	414.21
Climat_Uzf.2020	2020	4	6	97	14.65	28.02	19.224	-999.9	0	1.65	17.6972277277592	414.21
Climat_Uzf.2020	2020	4	7	98	15.1	29.74	20.268	-999.9	0	1.7	18.0117824098734	414.21
Climat_Uzf.2020	2020	4	8	99	15.87	23.45	11.016	-999.9	0	3.54	19.0794438519627	414.21
Climat_Uzf.2020	2020	4	9	100	13.76	26.35	18.936	-999.9	20	6.75	18.760026945769	414.21
Climat_Uzf.2020	2020	4	10	101	11.64	23.91	18.576	-999.9	0	5.7	17.471667574266	414.21
Climat_Uzf.2020	2020	4	11	102	10.61	26.89	21.816	-999.9	0	3.23	16.5269306145552	414.21
Climat_Uzf.2020	2020	4	12	103	12.46	27.11	19.224	-999.9	0	1.9	17.6856881985599	414.21
Climat_Uzf.2020	2020	4	13	104	14.17	29.64	20.664	-999.9	0	2.32	15.8922065986208	414.21
Climat_Uzf.2020	2020	4	14	105	14.22	26.04	21.816	-999.9	0	2.87	16.2322118717759	414.21
Climat_Uzf.2020	2020	4	15	106	15.03	29.66	19.98	-999.9	0	2.25	18.1788096472462	414.21
Climat_Uzf.2020	2020	4	16	107	13.59	30.22	21.384	-999.9	22	2.59	17.9600905664321	414.21
Climat_Uzf.2020	2020	4	17	108	13.67	28.99	22.716	-999.9	0	4.45	18.051706056262	414.21
Climat_Uzf.2020	2020	4	18	109	12.63	27.38	20.412	-999.9	0	5.23	18.1714258646088	414.21
Climat_Uzf.2020	2020	4	19	110	9.36	21.34	15.336	-999.9	0	5.08	16.8094376534714	414.21
Climat_Uzf.2020	2020	4	20	111	6.1	24.9	23.148	-999.9	0	3.39	13.1101472035527	414.21
Climat_Uzf.2020	2020	4	21	112	8.44	24.34	22.248	-999.9	0	3.49	12.9548276064063	414.21
Climat_Uzf.2020	2020	4	22	113	10.66	24.99	20.952	-999.9	0	3.63	15.0311981286241	414.21
Climat_Uzf.2020	2020	4	23	114	9.76	26.11	18.648	-999.9	0	4.02	15.5300213544439	414.21
Climat_Uzf.2020	2020	4	24	115	7.82	26.38	23.076	-999.9	0	3.05	13.9147148217216	414.21
Climat_Uzf.2020	2020	4	25	116	8.42	25.82	19.908	-999.9	0	1.73	14.0726488757128	414.21
Climat_Uzf.2020	2020	4	26	117	10.79	26.57	19.908	-999.9	0	3.27	14.7545852663756	414.21
Climat_Uzf.2020	2020	4	27	118	10.47	26.57	21.96	-999.9	0	4.61	15.251941256962	414.21
Climat_Uzf.2020	2020	4	28	119	11.86	26.04	20.052	-999.9	0	3.23	16.8036868042476	414.21
Climat_Uzf.2020	2020	4	29	120	11.61	28.39	21.42	-999.9	0	1.7	14.7942446074044	414.21
Climat_Uzf.2020	2020	4	30	121	13.33	29.04	21.204	-999.9	0	1.91	14.2707921629693	414.21
Climat_Uzf.2020	2020	5	1	122	13.18	29.46	20.304	-999.9	0.02	3.12	15.2308780862557	414.21
Climat_Uzf.2020	2020	5	2	123	15.02	30	20.196	-999.9	0.02	3.46	14.491858181758	414.21
Climat_Uzf.2020	2020	5	3	124	12.26	29.51	20.016	-999.9	0	3.55	10.6519353277988	414.21
Climat_Uzf.2020	2020	5	4	125	11.66	28.96	22.392	-999.9	0	3.95	10.0880212206356	414.21
Climat_Uzf.2020	2020	5	5	126	11.93	28.23	22.32	-999.9	0	3.73	11.1209512528454	414.21
Climat_Uzf.2020	2020	5	6	127	10.96	28.29	21.636	-999.9	0.01	3.51	12.0686547684812	414.21
Climat_Uzf.2020	2020	5	7	128	11.72	26.55	20.556	-999.9	0	4.52	11.2785399886353	414.21
Climat_Uzf.2020	2020	5	8	129	12.02	27.51	21.312	-999.9	0.13	3.67	13.6723550556877	414.21
Climat_Uzf.2020	2020	5	9	130	10.04	27.33	21.744	-999.9	0.07	4	12.8110165276634	414.21
Climat_Uzf.2020	2020	5	10	131	10.29	25.67	19.152	-999.9	0.19	4.37	12.8631931841347	414.21
Climat_Uzf.2020	2020	5	11	132	10.51	26.59	20.736	-999.9	0	2.63	11.1003857099367	414.21
Climat_Uzf.2020	2020	5	12	133	11.37	27.78	21.492	-999.9	0	1.09	10.0810920360593	414.21
Climat_Uzf.2020	2020	5	13	134	12.58	28.12	19.8	-999.9	0	2.68	9.97911553562486	414.21
Climat_Uzf.2020	2020	5	14	135	11.53	27.98	18.324	-999.9	0	3.62	8.98484663040278	414.21
Climat_Uzf.2020	2020	5	15	136	10.84	26.75	18.828	-999.9	0	2.96	11.9358651662893	414.21
Climat_Uzf.2020	2020	5	16	137	10.73	28.05	20.808	-999.9	0	3.36	11.0919249238054	414.21
Climat_Uzf.2020	2020	5	17	138	10.23	25.01	19.98	-999.9	0.01	4.7	11.1637590822891	414.21
Climat_Uzf.2020	2020	5	18	139	11.42	25.68	19.944	-999.9	0.07	3.29	13.1563293088891	414.21
Climat_Uzf.2020	2020	5	19	140	8.71	25.86	20.628	-999.9	0	3.55	10.7070556905871	414.21
Climat_Uzf.2020	2020	5	20	141	7.41	25.33	20.628	-999.9	0	3.74	10.3246783896374	414.21
Climat_Uzf.2020	2020	5	21	142	9.62	25.02	19.512	-999.9	0	3.87	12.0659394106149	414.21
Climat_Uzf.2020	2020	5	22	143	9.6	25.61	20.34	-999.9	0	2.88	12.5871286646512	414.21
Climat_Uzf.2020	2020	5	23	144	9.98	25.92	20.232	-999.9	0	2.28	12.4520072241812	414.21
Climat_Uzf.2020	2020	5	24	145	9.57	26.08	20.088	-999.9	0	1.99	11.856176203445	414.21
Climat_Uzf.2020	2020	5	25	146	10.16	26.76	19.908	-999.9	0	2.59	12.5128430302442	414.21
Climat_Uzf.2020	2020	5	26	147	12.8	27.37	16.344	-999.9	0.01	3.08	11.1243916704095	414.21
Climat_Uzf.2020	2020	5	27	148	15.27	28.38	17.352	-999.9	0.15	2.47	11.743826750723	414.21
Climat_Uzf.2020	2020	5	28	149	12.99	26.33	17.532	-999.9	0	3.06	12.2254492844064	414.21
Climat_Uzf.2020	2020	5	29	150	11.01	27.72	17.784	-999.9	0	1.91	13.7168742161032	414.21
Climat_Uzf.2020	2020	5	30	151	12.03	27.65	18.396	-999.9	0	3.02	12.8976926973521	414.21
Climat_Uzf.2020	2020	5	31	152	11.13	26.26	17.1	-999.9	0.02	4.16	12.6982593005915	414.21
Climat_Uzf.2020	2020	6	1	153	10.73	24.59	19.296	-999.9	0.27	3.89	13.2128889352073	414.21
Climat_Uzf.2020	2020	6	2	154	10.14	25.57	19.188	-999.9	0.22	3.65	12.684680668648	414.21
Climat_Uzf.2020	2020	6	3	155	8.71	24.66	18.756	-999.9	0.19	3.2	12.0422411244036	414.21
Climat_Uzf.2020	2020	6	4	156	8.77	24.12	16.416	-999.9	0.12	3.15	12.5016861802248	414.21
Climat_Uzf.2020	2020	6	5	157	9.36	24.93	16.956	-999.9	0.01	2.43	11.4675210235695	414.21
Climat_Uzf.2020	2020	6	6	158	10.2	24.33	16.956	-999.9	0.03	3.48	11.13703317444	414.21
Climat_Uzf.2020	2020	6	7	159	9.16	23.71	18.108	-999.9	0.04	3.57	11.3137364727	414.21
Climat_Uzf.2020	2020	6	8	160	9.48	24.19	18.864	-999.9	0.01	2.72	11.4861106430887	414.21
Climat_Uzf.2020	2020	6	9	161	8.16	24.4	18.324	-999.9	0.01	3.11	10.9822428516787	414.21
Climat_Uzf.2020	2020	6	10	162	10.63	23.2	14.256	-999.9	1.03	3.59	14.3998377223463	414.21
Climat_Uzf.2020	2020	6	11	163	10.05	25.18	13.896	-999.9	0.03	2.51	13.4011542159014	414.21
Climat_Uzf.2020	2020	6	12	164	11.72	26.76	17.136	-999.9	0	3.3	11.0022503369636	414.21
Climat_Uzf.2020	2020	6	13	165	8.48	20.98	11.376	-999.9	0.17	5.64	9.38826716734116	414.21
Climat_Uzf.2020	2020	6	14	166	9.36	23.2	15.12	-999.9	0.03	4.6	11.0877879271375	414.21
Climat_Uzf.2020	2020	6	15	167	7.26	23.44	14.22	-999.9	0	2.87	10.3479703666176	414.21
Climat_Uzf.2020	2020	6	16	168	7.8	20.9	14.004	-999.9	0.06	4.69	10.4495743085538	414.21
Climat_Uzf.2020	2020	6	17	169	8.63	21	10.98	-999.9	0.05	4.55	10.2624951193758	414.21
Climat_Uzf.2020	2020	6	18	170	8.18	21.31	13.644	-999.9	0.12	4.86	11.1694298033376	414.21
Climat_Uzf.2020	2020	6	19	171	9.23	20.87	13.104	-999.9	0.09	4.37	11.4338884623311	414.21
Climat_Uzf.2020	2020	6	20	172	8.55	21.89	11.124	-999.9	0.31	2.86	11.2135377321515	414.21
Climat_Uzf.2020	2020	6	21	173	11.24	21.64	10.836	-999.9	0.09	1.91	11.9252939920374	414.21
Climat_Uzf.2020	2020	6	22	174	9.48	22.12	11.052	-999.9	0.09	3.22	10.7638819260361	414.21
Climat_Uzf.2020	2020	6	23	175	7.73	22.82	13.464	-999.9	0.01	2.82	9.84332628459019	414.21
Climat_Uzf.2020	2020	6	24	176	8.14	22.43	11.196	-999.9	0.06	3.57	11.2066064574994	414.21
Climat_Uzf.2020	2020	6	25	177	8.83	21.94	13.104	-999.9	0.07	3.62	12.3944346697718	414.21
Climat_Uzf.2020	2020	6	26	178	9.38	22.01	14.004	-999.9	0.06	2.51	12.1080866652251	414.21
Climat_Uzf.2020	2020	6	27	179	10.33	24.3	12.24	-999.9	0	1.98	11.2098678950317	414.21
Climat_Uzf.2020	2020	6	28	180	12.48	26.89	17.46	-999.9	0	1.93	9.93455133656483	414.21
Climat_Uzf.2020	2020	6	29	181	11.19	26.44	17.964	-999.9	0	3.59	9.89959985453057	414.21
Climat_Uzf.2020	2020	6	30	182	8.76	25.19	18.936	-999.9	0	4.02	9.76162808766258	414.21
Climat_Uzf.2020	2020	7	1	183	8.73	22.41	18.72	-999.9	0	5.01	11.4912800094155	414.21
Climat_Uzf.2020	2020	7	2	184	7.77	23.42	17.1	-999.9	0	3.3	10.8787449504479	414.21
Climat_Uzf.2020	2020	7	3	185	7.12	25.23	18.792	-999.9	0	3.3	10.0941502076272	414.21
Climat_Uzf.2020	2020	7	4	186	6.73	23.05	19.152	-999.9	0	4.41	10.1309830671879	414.21
Climat_Uzf.2020	2020	7	5	187	6.62	23.73	18.468	-999.9	0.06	3.64	10.3513176826351	414.21
Climat_Uzf.2020	2020	7	6	188	5.44	23.7	19.62	-999.9	0	4.1	8.71105288115348	414.21
Climat_Uzf.2020	2020	7	7	189	6.66	23.69	18.864	-999.9	0	3.76	10.5893979893357	414.21
Climat_Uzf.2020	2020	7	8	190	8.73	25.08	16.56	-999.9	0.03	4.61	11.0786684926515	414.21
Climat_Uzf.2020	2020	7	9	191	9.36	24.4	17.46	-999.9	0.05	4.56	13.3214305649703	414.21
Climat_Uzf.2020	2020	7	10	192	11.01	25.89	16.02	-999.9	0.04	3.7	14.4419224767719	414.21
Climat_Uzf.2020	2020	7	11	193	11.89	27.93	15.012	-999.9	0.16	2.5	14.1446929575201	414.21
Climat_Uzf.2020	2020	7	12	194	9.87	25.87	18.828	-999.9	0	5.87	6.96268602346007	414.21
Climat_Uzf.2020	2020	7	13	195	6.26	25.05	19.044	-999.9	0	2.53	9.00623720978626	414.21
Climat_Uzf.2020	2020	7	14	196	8.08	27.38	20.016	-999.9	0	2.3	8.42397413827341	414.21
Climat_Uzf.2020	2020	7	15	197	8.26	23.52	19.764	-999.9	0	6.72	6.90849217890502	414.21
Climat_Uzf.2020	2020	7	16	198	6.28	19.18	19.692	-999.9	0.06	7.23	7.89288409475571	414.21
Climat_Uzf.2020	2020	7	17	199	3.94	20.49	19.836	-999.9	0.05	5.63	8.97367794122345	414.21
Climat_Uzf.2020	2020	7	18	200	6.05	21.51	19.872	-999.9	0.11	5.45	10.8585222368078	414.21
Climat_Uzf.2020	2020	7	19	201	6.92	22.51	18.36	-999.9	0.16	4.88	10.9803461494374	414.21
Climat_Uzf.2020	2020	7	20	202	6.24	21.89	20.16	-999.9	0	4.69	10.268035774692	414.21
Climat_Uzf.2020	2020	7	21	203	6.2	22.48	19.332	-999.9	0	3.1	10.2368348118979	414.21
Climat_Uzf.2020	2020	7	22	204	6.47	22.65	19.152	-999.9	0	3.58	9.54446442674131	414.21
Climat_Uzf.2020	2020	7	23	205	6.84	21.82	19.98	-999.9	0	5.16	10.0570396339331	414.21
Climat_Uzf.2020	2020	7	24	206	7.24	20.73	12.744	-999.9	0.01	5.43	10.9529561052694	414.21
Climat_Uzf.2020	2020	7	25	207	6.07	22.22	18.576	-999.9	0	4.35	10.4118337350766	414.21
Climat_Uzf.2020	2020	7	26	208	6.54	22.35	20.808	-999.9	0	3.09	9.97742729497296	414.21
Climat_Uzf.2020	2020	7	27	209	5.85	22.03	19.548	-999.9	0	4.05	9.04933587079984	414.21
Climat_Uzf.2020	2020	7	28	210	8.27	21.6	15.588	-999.9	0.09	4.45	11.6366357332116	414.21
Climat_Uzf.2020	2020	7	29	211	7.17	22.75	17.82	-999.9	0	2.53	11.209590665718	414.21
Climat_Uzf.2020	2020	7	30	212	8.12	24.84	20.628	-999.9	0	2.97	10.3972312039443	414.21
Climat_Uzf.2020	2020	7	31	213	8.12	23.62	21.024	-999.9	0	5.33	8.52311445856068	414.21
Climat_Uzf.2020	2020	8	1	214	5.33	23.92	21.2	-999.9	0	3.17	9.50136150033657	414.21
Climat_Uzf.2020	2020	8	2	215	5.5	23.43	21.12	-999.9	0	3.05	8.91912098300987	414.21
Climat_Uzf.2020	2020	8	3	216	6.45	22.95	16.91	-999.9	0	2.7	10.6769068600897	414.21
Climat_Uzf.2020	2020	8	4	217	8.76	24.45	17.12	-999.9	0	1.86	12.429192448298	414.21
Climat_Uzf.2020	2020	8	5	218	11.75	26.33	17.75	-999.9	0	1.02	12.1066012546247	414.21
Climat_Uzf.2020	2020	8	6	219	11.49	26.3	17.67	-999.9	0	1.63	12.1198404653768	414.21
Climat_Uzf.2020	2020	8	7	220	10.95	25.83	15.61	-999.9	0	3.33	12.0349044494324	414.21
Climat_Uzf.2020	2020	8	8	221	9.83	23.82	18.84	-999.9	0	3.75	11.3216325884832	414.21
Climat_Uzf.2020	2020	8	9	222	6.33	26.21	21.38	-999.9	0	1.76	9.19507590576568	414.21
Climat_Uzf.2020	2020	8	10	223	8.86	28.24	21.5	-999.9	0	2.54	6.25117986167977	414.21
Climat_Uzf.2020	2020	8	11	224	8.35	26.76	22.34	-999.9	0	2.31	6.71340848904627	414.21
Climat_Uzf.2020	2020	8	12	225	8.58	29.02	22.33	-999.9	0	1.62	8.64209583067155	414.21
Climat_Uzf.2020	2020	8	13	226	11.37	29.96	22.32	-999.9	0	2.38	6.87014368435685	414.21
Climat_Uzf.2020	2020	8	14	227	9.23	27.02	22.47	-999.9	0	3.38	7.7390468565501	414.21
Climat_Uzf.2020	2020	8	15	228	8.74	28.45	22.66	-999.9	0	1.32	10.9838176176743	414.21
Climat_Uzf.2020	2020	8	16	229	12.64	30.3	22.6	-999.9	0	0.77	7.65093638434316	414.21
Climat_Uzf.2020	2020	8	17	230	11.32	29.44	21.27	-999.9	0	3.2	7.06418111419904	414.21
Climat_Uzf.2020	2020	8	18	231	11.55	27.8	17.3	-999.9	0	2.5	14.1991309707515	414.21
Climat_Uzf.2020	2020	8	19	232	15.3	30.82	18.13	-999.9	0	2.12	12.3033378631015	414.21
Climat_Uzf.2020	2020	8	20	233	13.9	26.25	18.55	-999.9	0	4.51	14.5413576000916	414.21
Climat_Uzf.2020	2020	8	21	234	11.98	26.87	13.75	-999.9	0	3.9	14.1924871645009	414.21
Climat_Uzf.2020	2020	8	22	235	11.54	24.73	17.41	-999.9	0	4.33	12.7808863550491	414.21
Climat_Uzf.2020	2020	8	23	236	8.5	25.11	20.9	-999.9	0	2.84	10.8764998889505	414.21
Climat_Uzf.2020	2020	8	24	237	9.54	25.9	22.88	-999.9	0	2	10.5101487347644	414.21
Climat_Uzf.2020	2020	8	25	238	11.25	27.9	20.96	-999.9	0	1.69	9.82365397954524	414.21
Climat_Uzf.2020	2020	8	26	239	12.69	30.31	20.09	-999.9	0	1.23	10.0532516386493	414.21
Climat_Uzf.2020	2020	8	27	240	14.83	29.12	18.07	-999.9	0	3.36	12.2954227268782	414.21
Climat_Uzf.2020	2020	8	28	241	13.73	30.44	20.89	-999.9	0	2.19	13.9572843467367	414.21
Climat_Uzf.2020	2020	8	29	242	15.24	32.55	22.23	-999.9	0	2	12.7187843249379	414.21
Climat_Uzf.2020	2020	8	30	243	16.06	33.83	21.47	-999.9	0	2.02	10.4228799100325	414.21
Climat_Uzf.2020	2020	8	31	244	15.63	30.42	19.14	-999.9	0	4.95	14.1968923484253	414.21
Climat_Uzf.2020	2020	9	1	245	14.5	27.5	14.8	-999.9	0	5.07	15.5	414.21
Climat_Uzf.2020	2020	9	2	246	13.4	26.8	11.3	-999.9	0	4.98	14.4	414.21
Climat_Uzf.2020	2020	9	3	247	11.4	29.5	23.2	-999.9	0	3.2	12.7	414.21
Climat_Uzf.2020	2020	9	4	248	9.7	28.3	25	-999.9	0	3.75	9.6	414.21
Climat_Uzf.2020	2020	9	5	249	9.6	27.3	25.2	-999.9	0	3.66	11	414.21
Climat_Uzf.2020	2020	9	6	250	8.8	27.4	25.7	-999.9	0	3.2	10.7	414.21
Climat_Uzf.2020	2020	9	7	251	9.4	27.8	25.5	-999.9	0	2.98	11	414.21
Climat_Uzf.2020	2020	9	8	252	8.9	28.1	25.9	-999.9	0	3.56	9	414.21
Climat_Uzf.2020	2020	9	9	253	8.7	27	25.8	-999.9	0	3.36	9.4	414.21
Climat_Uzf.2020	2020	9	10	254	8.8	27.1	25.6	-999.9	0	2.39	9.1	414.21
Climat_Uzf.2020	2020	9	11	255	10.4	26.9	24.2	-999.9	0	3.37	10.1	414.21
Climat_Uzf.2020	2020	9	12	256	10.5	26.6	22.8	-999.9	0	3.57	10.6	414.21
Climat_Uzf.2020	2020	9	13	257	11	26.8	15.8	-999.9	0	2.45	12.3	414.21
Climat_Uzf.2020	2020	9	14	258	12.7	28.6	16.6	-999.9	0	2.13	11.7	414.21
Climat_Uzf.2020	2020	9	15	259	15.4	30.3	16.2	-999.9	0	1.4	11.1	414.21
Climat_Uzf.2020	2020	9	16	260	17.4	30.2	15.8	-999.9	0	3.19	13.2	414.21
Climat_Uzf.2020	2020	9	17	261	16.1	33.7	19.9	-999.9	0	3.29	12.2	414.21
Climat_Uzf.2020	2020	9	18	262	15	31.1	22.9	-999.9	0	4.35	11.5	414.21
Climat_Uzf.2020	2020	9	19	263	13.9	31.3	24.9	-999.9	0	3.46	11.7	414.21
Climat_Uzf.2020	2020	9	20	264	13.9	32.1	24.7	-999.9	0	3.09	8.4	414.21
Climat_Uzf.2020	2020	9	21	265	13.3	33.9	24.8	-999.9	0	2.35	9.1	414.21
Climat_Uzf.2020	2020	9	22	266	14.7	29.5	25.5	-999.9	0	5.57	13.4	414.21
Climat_Uzf.2020	2020	9	23	267	12.9	29.7	25.5	-999.9	0	4.45	13.2	414.21
Climat_Uzf.2020	2020	9	24	268	10.7	31	26.2	-999.9	0	2.89	11.5	414.21
Climat_Uzf.2020	2020	9	25	269	12.6	31.5	25.2	-999.9	0	1.63	10.8	414.21
Climat_Uzf.2020	2020	9	26	270	16	35.4	25.6	-999.9	0	1.22	11.4	414.21
Climat_Uzf.2020	2020	9	27	271	18.5	36.9	22.3	-999.9	0	1.33	10.2	414.21
Climat_Uzf.2020	2020	9	28	272	18.9	35	21.3	-999.9	0	3.5	14.2	414.21
Climat_Uzf.2020	2020	9	29	273	19.5	34.1	19.8	-999.9	0	3.52	17.2	414.21
Climat_Uzf.2020	2020	9	30	274	17.9	30.5	21.5	-999.9	0	3.42	16.9	414.21
Climat_Uzf.2020	2020	10	1	275	15.1	29.56	23.2	-999.9	0	3.6	16.4	414.21
Climat_Uzf.2020	2020	10	2	276	16.13	31.89	24.6	-999.9	0	3.5	14.2	414.21
Climat_Uzf.2020	2020	10	3	277	15.82	30.75	24.8	-999.9	0	3.9	15.6	414.21
Climat_Uzf.2020	2020	10	4	278	15.39	33.05	24.7	-999.9	0	2.7	12.9	414.21
Climat_Uzf.2020	2020	10	5	279	17.3	31.46	23.9	-999.9	0	3	14	414.21
Climat_Uzf.2020	2020	10	6	280	16.27	27.46	18.1	-999.9	0	3.5	16.3	414.21
Climat_Uzf.2020	2020	10	7	281	14.55	27.01	14.3	-999.9	0	4.3	15.3	414.21
Climat_Uzf.2020	2020	10	8	282	13.45	25.4	19.5	-999.9	0	3.2	15.3	414.21
Climat_Uzf.2020	2020	10	9	283	16.06	29.02	17.1	-999.9	0	1.9	14.7	414.21
Climat_Uzf.2020	2020	10	10	284	13.28	32.15	19.8	-999.9	0	1.4	14.9	414.21
Climat_Uzf.2020	2020	10	11	285	17.03	27.51	11.6	-999.9	0	3.5	16.7	414.21
Climat_Uzf.2020	2020	10	12	286	15.29	18.25	8.3	-999.9	10	3.7	18.4	414.21
Climat_Uzf.2020	2020	10	13	287	14.72	20.48	10	-999.9	0	3.4	16.7	414.21
Climat_Uzf.2020	2020	10	14	288	13.86	27.41	21	-999.9	0	3.6	18.2	414.21
Climat_Uzf.2020	2020	10	15	289	11.98	27.9	22.6	-999.9	0	4.2	14.5	414.21
Climat_Uzf.2020	2020	10	16	290	9.58	28.72	29.9	-999.9	0	3.7	11.2	414.21
Climat_Uzf.2020	2020	10	17	291	11.88	29.64	30.2	-999.9	0	3.7	10.9	414.21
Climat_Uzf.2020	2020	10	18	292	11.05	31.87	29.9	-999.9	0	2.8	11.3	414.21
Climat_Uzf.2020	2020	10	19	293	13.11	31.61	29	-999.9	0	3.2	10.8	414.21
Climat_Uzf.2020	2020	10	20	294	13.4	31.74	28.5	-999.9	0	3	9.2	414.21
Climat_Uzf.2020	2020	10	21	295	15.82	31.15	22.4	-999.9	0	4.7	13.9	414.21
Climat_Uzf.2020	2020	10	22	296	15.15	29.36	26.9	-999.9	5	4.5	14.8	414.21
Climat_Uzf.2020	2020	10	23	297	13.55	29.54	29.1	-999.9	0	3.1	12.9	414.21
Climat_Uzf.2020	2020	10	24	298	14.15	30.6	27.5	-999.9	0	2.5	11.7	414.21
Climat_Uzf.2020	2020	10	25	299	14.12	30.29	28.1	-999.9	0	2.6	11.8	414.21
Climat_Uzf.2020	2020	10	26	300	15.72	30.24	26.3	-999.9	0	3.7	11.9	414.21
Climat_Uzf.2020	2020	10	27	301	14.53	30.44	28.4	-999.9	0	3.8	12.8	414.21
Climat_Uzf.2020	2020	10	28	302	15.63	30.52	29.1	-999.9	0	4.2	12.3	414.21
Climat_Uzf.2020	2020	10	29	303	15.72	31.03	29.6	-999.9	0	4.3	11.7	414.21
Climat_Uzf.2020	2020	10	30	304	15.56	31	29.2	-999.9	0	4.5	11.3	414.21
Climat_Uzf.2020	2020	10	31	305	15.46	29.41	26.8	-999.9	0	5.1	14.3	414.21
Climat_Uzf.2020	2020	11	1	306	14.1	29.16	25.8	-999.9	0	4.1	16.7	414.21
Climat_Uzf.2020	2020	11	2	307	15.46	29.41	28.1	-999.9	0	3.5	15.4	414.21
Climat_Uzf.2020	2020	11	3	308	17.37	30.87	24.7	-999.9	0	3.5	16	414.21
Climat_Uzf.2020	2020	11	4	309	17.37	29.82	18.2	-999.9	0	3.4	18.6	414.21
Climat_Uzf.2020	2020	11	5	310	17.72	31.51	27.8	-999.9	0	3.5	18.1	414.21
Climat_Uzf.2020	2020	11	6	311	16.51	33.47	25.1	-999.9	0	3.4	17.2	414.21
Climat_Uzf.2020	2020	11	7	312	19.72	35.26	29.1	-999.9	0	3.4	13.6	414.21
Climat_Uzf.2020	2020	11	8	313	21.27	35	29	-999.9	0	3.5	10.7	414.21
Climat_Uzf.2020	2020	11	9	314	19.1	35	28.6	-999.9	0	3.6	12.9	414.21
Climat_Uzf.2020	2020	11	10	315	17.13	33.42	25.7	-999.9	0	4.2	14.7	414.21
Climat_Uzf.2020	2020	11	11	316	15.75	29.19	20.3	-999.9	0	3.9	19.4	414.21
Climat_Uzf.2020	2020	11	12	317	16.01	25.45	14.9	-999.9	20	4.1	18.6	414.21
Climat_Uzf.2020	2020	11	13	318	14.89	26.52	21.8	-999.9	24	3.9	15.9	414.21
Climat_Uzf.2020	2020	11	14	319	14.07	29.79	30	-999.9	0	2.7	13.2	414.21
Climat_Uzf.2020	2020	11	15	320	14.39	31.61	30.5	-999.9	0	2.2	12.1	414.21
Climat_Uzf.2020	2020	11	16	321	14.6	31.56	30.7	-999.9	0	2.3	11.3	414.21
Climat_Uzf.2020	2020	11	17	322	17.39	31.08	27.8	-999.9	0	2	12.1	414.21
Climat_Uzf.2020	2020	11	18	323	18.1	31.08	23.4	-999.9	0	2	12.9	414.21
Climat_Uzf.2020	2020	11	19	324	17.65	32.12	20.8	-999.9	0	1.8	14.9	414.21
Climat_Uzf.2020	2020	11	20	325	18.75	31.56	28	-999.9	0	4.5	14.5	414.21
Climat_Uzf.2020	2020	11	21	326	17.3	28.1	24.6	-999.9	0	5.1	17.4	414.21
Climat_Uzf.2020	2020	11	22	327	17.03	31.38	27.7	-999.9	0	2.8	17.3	414.21
Climat_Uzf.2020	2020	11	23	328	18.79	32.77	27	-999.9	0	2.6	15.6	414.21
Climat_Uzf.2020	2020	11	24	329	16.53	32.23	22.7	-999.9	0	3.3	19.3	414.21
Climat_Uzf.2020	2020	11	25	330	19.32	30.52	19.9	-999.9	14	2.4	19.2	414.21
Climat_Uzf.2020	2020	11	26	331	21.71	31.12	18.5	-999.9	0	3.4	18.7	414.21
Climat_Uzf.2020	2020	11	27	332	18.6	27.7	19.7	-999.9	0	3.8	18.5	414.21
Climat_Uzf.2020	2020	11	28	333	17.23	30.21	18.4	-999.9	10	3.7	18.7	414.21
Climat_Uzf.2020	2020	11	29	334	17.53	32.95	27	-999.9	0	1.8	19	414.21
Climat_Uzf.2020	2020	11	30	335	18.92	26.2	13.6	-999.9	0	2	20	414.21
Climat_Uzf.2020	2020	12	1	336	17.13	28.38	18.8	-999.9	3	1.9	20.3	414.21
Climat_Uzf.2020	2020	12	2	337	19.01	29.25	14.9	-999.9	0	1.7	21.8	414.21
Climat_Uzf.2020	2020	12	3	338	17.64	23.38	13.4	-999.9	20	3.9	20.5	414.21
Climat_Uzf.2020	2020	12	4	339	17.39	25.05	14.1	-999.9	3	2.7	21.7	414.21
Climat_Uzf.2020	2020	12	5	340	18.64	22.01	14.3	-999.9	2	3.9	21.4	414.21
Climat_Uzf.2020	2020	12	6	341	17.43	25.08	14.2	-999.9	2	3.5	21.6	414.21
Climat_Uzf.2020	2020	12	7	342	17.6	24.5	18.6	-999.9	4	2.5	21.8	414.21
Climat_Uzf.2020	2020	12	8	343	17.17	23.14	14.6	-999.9	5	2.5	20.5	414.21
Climat_Uzf.2020	2020	12	9	344	16.89	25.69	20.6	-999.9	9	2.3	21	414.21
Climat_Uzf.2020	2020	12	10	345	17.73	25.32	18.8	-999.9	40	1.5	21.8	414.21
Climat_Uzf.2020	2020	12	11	346	18.04	26.33	19.3	-999.9	7	1.4	22.5	414.21
Climat_Uzf.2020	2020	12	12	347	18.86	25.77	26.1	-999.9	0	1.5	22.8	414.21
Climat_Uzf.2020	2020	12	13	348	18.83	23.14	19.9	-999.9	0	2.2	22.4	414.21
Climat_Uzf.2020	2020	12	14	349	17.19	25.54	20.8	-999.9	0	2.4	21.4	414.21
Climat_Uzf.2020	2020	12	15	350	16.82	25.57	18	-999.9	28	1.8	21.1	414.21
Climat_Uzf.2020	2020	12	16	351	18	24.12	14.9	-999.9	0	1.9	21.5	414.21
Climat_Uzf.2020	2020	12	17	352	17.49	25.21	18	-999.9	0	2.7	21.7	414.21
Climat_Uzf.2020	2020	12	18	353	18.05	25.06	15.8	-999.9	0	3	21.9	414.21
Climat_Uzf.2020	2020	12	19	354	17.92	27.33	21.9	-999.9	0	3.1	22.7	414.21
Climat_Uzf.2020	2020	12	20	355	18.61	24.9	18	-999.9	0	3.3	22.1	414.21
Climat_Uzf.2020	2020	12	21	356	17.83	26.76	16.4	-999.9	0	2.3	22.1	414.21
Climat_Uzf.2020	2020	12	22	357	17.43	28.15	26.2	-999.9	0	1.3	21.7	414.21
Climat_Uzf.2020	2020	12	23	358	17.63	28.48	28.1	-999.9	0	1.3	22	414.21
Climat_Uzf.2020	2020	12	24	359	18.65	30.51	25.3	-999.9	0	1	22.4	414.21
Climat_Uzf.2020	2020	12	25	360	20.17	26.1	18.1	-999.9	0	2.6	23.7	414.21
Climat_Uzf.2020	2020	12	26	361	18.07	30.14	25.5	-999.9	0	3.1	21	414.21
Climat_Uzf.2020	2020	12	27	362	17.59	28.26	25.6	-999.9	0	2.7	21.8	414.21
Climat_Uzf.2020	2020	12	28	363	18.97	27.26	25.7	-999.9	0	2.6	22.9	414.21
Climat_Uzf.2020	2020	12	29	364	19.2	27.82	27.5	-999.9	0	2.1	23.3	414.21
Climat_Uzf.2020	2020	12	30	365	16.92	28.32	12.8	-999.9	0	1.6	22.2	414.21
Climat_Uzf.2020	2020	12	31	366	18.75	27.01	22.3	-999.9	0	2.8	22.6	414.21
Climat_Uzf.2021	2021	1	1	1	17.22	27.38	21.26	-999.9	0	2.07	22.7	416.41
Climat_Uzf.2021	2021	1	2	2	16.42	26.16	25.12	-999.9	30	4.11	22.2	416.41
Climat_Uzf.2021	2021	1	3	3	15.7	26.43	27.27	-999.9	0	3.54	20.3	416.41
Climat_Uzf.2021	2021	1	4	4	14.15	26.99	26.41	-999.9	7	2.02	19.7	416.41
Climat_Uzf.2021	2021	1	5	5	16.39	28.22	25.15	-999.9	0	1.65	21	416.41
Climat_Uzf.2021	2021	1	6	6	16.84	29.54	26.45	-999.9	0	1.14	22.3	416.41
Climat_Uzf.2021	2021	1	7	7	17.13	28.15	24.71	-999.9	16	1.49	24	416.41
Climat_Uzf.2021	2021	1	8	8	16.65	27.73	22.74	-999.9	29	1.4	23.4	416.41
Climat_Uzf.2021	2021	1	9	9	17.65	25.67	20.98	-999.9	11	0.98	22.9	416.41
Climat_Uzf.2021	2021	1	10	10	16.27	25.16	14	-999.9	0	0.97	22.8	416.41
Climat_Uzf.2021	2021	1	11	11	16.46	27.33	22.67	-999.9	90	2.7	23.8	416.41
Climat_Uzf.2021	2021	1	12	12	17.8	26.87	24.05	-999.9	9	3.04	23.4	416.41
Climat_Uzf.2021	2021	1	13	13	17.34	26.89	18.55	-999.9	5	3.21	23.5	416.41
Climat_Uzf.2021	2021	1	14	14	17.87	23.76	14.47	-999.9	10	3.43	21.6	416.41
Climat_Uzf.2021	2021	1	15	15	16.92	23.26	8.88	-999.9	7	3.42	21.7	416.41
Climat_Uzf.2021	2021	1	16	16	18.01	25.53	22.36	-999.9	0	2.76	23	416.41
Climat_Uzf.2021	2021	1	17	17	17.46	24.22	15.13	-999.9	0	2.01	23.2	416.41
Climat_Uzf.2021	2021	1	18	18	17.13	25.11	15.26	-999.9	0	1.91	22.9	416.41
Climat_Uzf.2021	2021	1	19	19	17.37	24.27	17.68	-999.9	0	2.38	23	416.41
Climat_Uzf.2021	2021	1	20	20	18.18	25.28	16.35	-999.9	0	1.88	22.9	416.41
Climat_Uzf.2021	2021	1	21	21	17.08	26.43	22.21	-999.9	0	2.52	22.9	416.41
Climat_Uzf.2021	2021	1	22	22	16.3	25.77	20.7	-999.9	0	1.79	21	416.41
Climat_Uzf.2021	2021	1	23	23	16.37	25.84	21.63	-999.9	0	2.2	20.2	416.41
Climat_Uzf.2021	2021	1	24	24	16.49	27.21	20.04	-999.9	0	2.78	23.1	416.41
Climat_Uzf.2021	2021	1	25	25	17.03	22.06	15.79	-999.9	0	3.54	21.2	416.41
Climat_Uzf.2021	2021	1	26	26	16.92	24.75	21.93	-999.9	0	2.91	21.5	416.41
Climat_Uzf.2021	2021	1	27	27	16.75	27.7	23.43	-999.9	0	1.73	21.5	416.41
Climat_Uzf.2021	2021	1	28	28	16.56	28.15	23.63	-999.9	0	0.87	21.8	416.41
Climat_Uzf.2021	2021	1	29	29	17.42	23.88	13.12	-999.9	0	1.58	22.4	416.41
Climat_Uzf.2021	2021	1	30	30	16.11	25.4	22.56	-999.9	0	1.22	21.5	416.41
Climat_Uzf.2021	2021	1	31	31	17.01	27.78	23.12	-999.9	0	2.2	22.7	416.41
Climat_Uzf.2021	2021	2	1	32	17.11	28.1	22.1	-999.9	20	1.34	21.7	416.41
Climat_Uzf.2021	2021	2	2	33	16.7	25.6	19.59	-999.9	14	1.48	21.2	416.41
Climat_Uzf.2021	2021	2	3	34	16.92	26.48	23.02	-999.9	5	2.35	22.6	416.41
Climat_Uzf.2021	2021	2	4	35	15.87	27.7	24.03	-999.9	2	1.66	22.2	416.41
Climat_Uzf.2021	2021	2	5	36	15.15	28.52	24.57	-999.9	0	1.9	21.3	416.41
Climat_Uzf.2021	2021	2	6	37	15.25	28.42	25.33	-999.9	0	2.03	21.3	416.41
Climat_Uzf.2021	2021	2	7	38	15.87	28.02	27.37	-999.9	0	1.55	22.8	416.41
Climat_Uzf.2021	2021	2	8	39	16.94	28.59	23.12	-999.9	4	2.01	23.1	416.41
Climat_Uzf.2021	2021	2	9	40	15.89	24.41	17.17	-999.9	16	1.59	22.3	416.41
Climat_Uzf.2021	2021	2	10	41	15.27	26.38	21.72	-999.9	0	1.67	21.2	416.41
Climat_Uzf.2021	2021	2	11	42	15.49	26.43	19.65	-999.9	12	1.55	21.9	416.41
Climat_Uzf.2021	2021	2	12	43	14.15	26.92	24.8	-999.9	1.8	1.68	20.6	416.41
Climat_Uzf.2021	2021	2	13	44	13.57	27.85	25.48	-999.9	0	2.36	20.5	416.41
Climat_Uzf.2021	2021	2	14	45	17.49	27.09	19.25	-999.9	0	3.64	22.3	416.41
Climat_Uzf.2021	2021	2	15	46	18.32	27.83	23.17	-999.9	0	3.99	22.9	416.41
Climat_Uzf.2021	2021	2	16	47	16.08	24.87	15.51	-999.9	14	2.89	21.1	416.41
Climat_Uzf.2021	2021	2	17	48	15.41	22.75	16.48	-999.9	58	2.77	19.1	416.41
Climat_Uzf.2021	2021	2	18	49	16.37	26.92	21.52	-999.9	0	2.16	20.9	416.41
Climat_Uzf.2021	2021	2	19	50	17.94	26.5	18.71	-999.9	0	1.17	23.5	416.41
Climat_Uzf.2021	2021	2	20	51	16.65	26.52	19.92	-999.9	0	1.5	22.1	416.41
Climat_Uzf.2021	2021	2	21	52	17.13	26.7	23.52	-999.9	0	1.87	22.8	416.41
Climat_Uzf.2021	2021	2	22	53	16.37	28.07	21.98	-999.9	0	2.72	20.6	416.41
Climat_Uzf.2021	2021	2	23	54	15.37	26.89	21.13	-999.9	6	3.09	18.4	416.41
Climat_Uzf.2021	2021	2	24	55	13.93	26.72	24.9	-999.9	6	1.91	19.6	416.41
Climat_Uzf.2021	2021	2	25	56	16.51	28.59	24.73	-999.9	0	1.3	21.4	416.41
Climat_Uzf.2021	2021	2	26	57	16.06	27.11	20.7	-999.9	0	1.39	22.3	416.41
Climat_Uzf.2021	2021	2	27	58	15.65	21.06	10.66	-999.9	20	3.88	19.5	416.41
Climat_Uzf.2021	2021	2	28	59	15.15	19.29	9.23	-999.9	0	4.65	19	416.41
Climat_Uzf.2021	2021	3	1	60	15.08	21.87	13.29	-999.9	6	3.89	16.1	416.41
Climat_Uzf.2021	2021	3	2	61	14.82	24.27	21.72	-999.9	0	2.39	17.9	416.41
Climat_Uzf.2021	2021	3	3	62	13.88	25.45	23.42	-999.9	0	2.03	19.1	416.41
Climat_Uzf.2021	2021	3	4	63	15.46	26.3	19	-999.9	18	1.32	19.8	416.41
Climat_Uzf.2021	2021	3	5	64	16.22	28.2	18.61	-999.9	0	1.28	20.5	416.41
Climat_Uzf.2021	2021	3	6	65	15.96	27.41	20.98	-999.9	0	2.07	18.4	416.41
Climat_Uzf.2021	2021	3	7	66	13.4	26.96	23.56	-999.9	0	2.12	19.8	416.41
Climat_Uzf.2021	2021	3	8	67	12.56	26.82	24.93	-999.9	14	1.7	18.4	416.41
Climat_Uzf.2021	2021	3	9	68	14.43	26.92	24.77	-999.9	0	0.98	19.2	416.41
Climat_Uzf.2021	2021	3	10	69	13.81	27.85	24.08	-999.9	0	1.17	19.3	416.41
Climat_Uzf.2021	2021	3	11	70	15.17	28.99	25.55	-999.9	0	1.26	20.2	416.41
Climat_Uzf.2021	2021	3	12	71	14.12	28.64	25.51	-999.9	0	2.04	19.8	416.41
Climat_Uzf.2021	2021	3	13	72	12.05	27.73	24.07	-999.9	0	2.71	18.5	416.41
Climat_Uzf.2021	2021	3	14	73	13.38	27.63	23.9	-999.9	0	2.81	18.1	416.41
Climat_Uzf.2021	2021	3	15	74	16.46	27.26	22.63	-999.9	0	1.91	19.9	416.41
Climat_Uzf.2021	2021	3	16	75	15.63	27.92	25.85	-999.9	0	1.38	20.5	416.41
Climat_Uzf.2021	2021	3	17	76	14.07	27.41	23.84	-999.9	0	1.22	19.1	416.41
Climat_Uzf.2021	2021	3	18	77	11.81	27.04	25.14	-999.9	0	1.3	17.5	416.41
Climat_Uzf.2021	2021	3	19	78	13.16	28.54	25.78	-999.9	0	1.54	17.6	416.41
Climat_Uzf.2021	2021	3	20	79	14.6	27.55	25.18	-999.9	0	1.8	19.1	416.41
Climat_Uzf.2021	2021	3	21	80	15.29	26.16	20.78	-999.9	0	1.12	19.8	416.41
Climat_Uzf.2021	2021	3	22	81	15.41	28.22	22.56	-999.9	0	1.56	20.7	416.41
Climat_Uzf.2021	2021	3	23	82	15.63	25.5	17.28	-999.9	0	2.3	20.2	416.41
Climat_Uzf.2021	2021	3	24	83	15.34	25.45	15.9	-999.9	0	2.39	20.1	416.41
Climat_Uzf.2021	2021	3	25	84	14.58	24.29	18.87	-999.9	0	1.48	18.9	416.41
Climat_Uzf.2021	2021	3	26	85	14.74	27.55	19.15	-999.9	0	0.93	19.5	416.41
Climat_Uzf.2021	2021	3	27	86	13.83	28.57	20.73	-999.9	0	1.85	19.9	416.41
Climat_Uzf.2021	2021	3	28	87	13.5	26.7	20.51	-999.9	0	2.92	17.4	416.41
Climat_Uzf.2021	2021	3	29	88	10.32	25.7	19.89	-999.9	0	3.23	17.8	416.41
Climat_Uzf.2021	2021	3	30	89	9.26	25.28	24	-999.9	0	2.57	16.5	416.41
Climat_Uzf.2021	2021	3	31	90	9.58	25.55	24.59	-999.9	0	2.03	13.2	416.41
Climat_Uzf.2021	2021	4	1	91	10.64	27.41	26.24	-999.9	0	1.54	13.9	416.41
Climat_Uzf.2021	2021	4	2	92	10.91	26.89	24.72	-999.9	0	1.2	15.8	416.41
Climat_Uzf.2021	2021	4	3	93	9.31	28.32	25.61	-999.9	0	1.32	16.2	416.41
Climat_Uzf.2021	2021	4	4	94	10.96	27.85	25	-999.9	0	2.05	16.5	416.41
Climat_Uzf.2021	2021	4	5	95	10.08	28.57	23.52	-999.9	0	1.46	17.8	416.41
Climat_Uzf.2021	2021	4	6	96	13.62	27.41	19.43	-999.9	0	2.3	18.9	416.41
Climat_Uzf.2021	2021	4	7	97	11	26.04	24.55	-999.9	0	2.55	16.1	416.41
Climat_Uzf.2021	2021	4	8	98	8.14	26.82	25.54	-999.9	0	2.09	14.7	416.41
Climat_Uzf.2021	2021	4	9	99	9.95	26.16	24.48	-999.9	0	2.1	15.5	416.41
Climat_Uzf.2021	2021	4	10	100	8.39	26.26	23.99	-999.9	0	2.65	16.7	416.41
Climat_Uzf.2021	2021	4	11	101	9.66	27.23	22.98	-999.9	0	2.34	16.4	416.41
Climat_Uzf.2021	2021	4	12	102	10	28.94	22.32	-999.9	0	2.57	15.8	416.41
Climat_Uzf.2021	2021	4	13	103	11.28	28.64	23.36	-999.9	0	2.71	15	416.41
Climat_Uzf.2021	2021	4	14	104	10.54	27.9	24.41	-999.9	0	2.8	15.7	416.41
Climat_Uzf.2021	2021	4	15	105	8.54	27.43	24.24	-999.9	0	2.2	15	416.41
Climat_Uzf.2021	2021	4	16	106	7.42	27.31	23.63	-999.9	0	3.15	14.2	416.41
Climat_Uzf.2021	2021	4	17	107	9.34	22.32	16.37	-999.9	0	3.96	14.7	416.41
Climat_Uzf.2021	2021	4	18	108	8.49	22.99	19.3	-999.9	0	2.46	13	416.41
Climat_Uzf.2021	2021	4	19	109	10.69	22.18	16.99	-999.9	0	1.85	13.7	416.41
Climat_Uzf.2021	2021	4	20	110	9.09	21.96	14.45	-999.9	0	2.28	13.6	416.41
Climat_Uzf.2021	2021	4	21	111	9.61	26.11	21.1	-999.9	0	2.2	15.1	416.41
Climat_Uzf.2021	2021	4	22	112	10.27	25.6	16.73	-999.9	0	1.75	15.3	416.41
Climat_Uzf.2021	2021	4	23	113	10.44	26.23	20.91	-999.9	0	1.3	16.5	416.41
Climat_Uzf.2021	2021	4	24	114	10.69	27.6	20.99	-999.9	0	0.9	17	416.41
Climat_Uzf.2021	2021	4	25	115	12.58	27.95	20.87	-999.9	0	1.08	16.9	416.41
Climat_Uzf.2021	2021	4	26	116	11.54	27.6	20.99	-999.9	0	1.47	16.4	416.41
Climat_Uzf.2021	2021	4	27	117	12.65	27.06	21.59	-999.9	0	1.22	16	416.41
Climat_Uzf.2021	2021	4	28	118	13.45	28.32	20.53	-999.9	0	1.45	17.8	416.41
Climat_Uzf.2021	2021	4	29	119	14.48	27.19	21.12	-999.9	0	1.91	19.2	416.41
Climat_Uzf.2021	2021	4	30	120	14.17	27.83	18.32	-999.9	0	1.03	18.9	416.41
Climat_Uzf.2021	2021	5	1	121	15.15	25.89	13.87	-999.9	0	1.4	19.7	416.41
Climat_Uzf.2021	2021	5	2	122	9.61	18.06	7.96	-999.9	0	4.12	14.5	416.41
Climat_Uzf.2021	2021	5	3	123	8.29	22.25	21.79	-999.9	0	3.18	13.9	416.41
Climat_Uzf.2021	2021	5	4	124	7.02	23.83	22.21	-999.9	0	2.04	12.9	416.41
Climat_Uzf.2021	2021	5	5	125	5.87	25.16	21.59	-999.9	0	1.52	12.7	416.41
Climat_Uzf.2021	2021	5	6	126	6.2	25.79	22	-999.9	0	1.91	12.6	416.41
Climat_Uzf.2021	2021	5	7	127	6.05	25.45	21.02	-999.9	0	1.95	12.4	416.41
Climat_Uzf.2021	2021	5	8	128	5.54	25.06	21.91	-999.9	0	1.54	13.4	416.41
Climat_Uzf.2021	2021	5	9	129	8.44	25.45	21.34	-999.9	0	1.96	13.1	416.41
Climat_Uzf.2021	2021	5	10	130	7.67	23.04	20.39	-999.9	0	2.95	12.7	416.41
Climat_Uzf.2021	2021	5	11	131	8.62	23.26	20.78	-999.9	0	2.64	12.8	416.41
Climat_Uzf.2021	2021	5	12	132	7.02	23.54	20.25	-999.9	0	1.98	13.9	416.41
Climat_Uzf.2021	2021	5	13	133	8.74	22.7	18.07	-999.9	0	1.88	14.3	416.41
Climat_Uzf.2021	2021	5	14	134	9.06	24.19	19.93	-999.9	0	1.34	12.8	416.41
Climat_Uzf.2021	2021	5	15	135	7.09	25.06	19.71	-999.9	0	0.82	12.8	416.41
Climat_Uzf.2021	2021	5	16	136	7.54	25.77	20.41	-999.9	0	0.9	12.5	416.41
Climat_Uzf.2021	2021	5	17	137	7.79	27.41	20.22	-999.9	0	1.8	11.9	416.41
Climat_Uzf.2021	2021	5	18	138	8.64	25.82	20.39	-999.9	0	2.51	11.8	416.41
Climat_Uzf.2021	2021	5	19	139	8.14	23.54	16.65	-999.9	0	2.4	15	416.41
Climat_Uzf.2021	2021	5	20	140	7.32	23.02	16.86	-999.9	0	1.13	13.3	416.41
Climat_Uzf.2021	2021	5	21	141	7.54	25.79	19.52	-999.9	0	1.12	12.4	416.41
Climat_Uzf.2021	2021	5	22	142	6.18	24.19	19.47	-999.9	0	2.84	10.8	416.41
Climat_Uzf.2021	2021	5	23	143	7.69	19.75	11.83	-999.9	0	3.6	14.5	416.41
Climat_Uzf.2021	2021	5	24	144	5.69	22.15	17.96	-999.9	0	2.8	13	416.41
Climat_Uzf.2021	2021	5	25	145	3.38	22.8	20.2	-999.9	0	1.96	11.1	416.41
Climat_Uzf.2021	2021	5	26	146	4.4	23.54	20.06	-999.9	0	1.23	10.6	416.41
Climat_Uzf.2021	2021	5	27	147	2.77	24.24	20.06	-999.9	0	1.41	8.9	416.41
Climat_Uzf.2021	2021	5	28	148	5.33	24.41	19.56	-999.9	0	0.71	8.3	416.41
Climat_Uzf.2021	2021	5	29	149	4.3	25.36	19.56	-999.9	0	1.38	8.3	416.41
Climat_Uzf.2021	2021	5	30	150	5.69	26.72	18.43	-999.9	0	1.25	9.8	416.41
Climat_Uzf.2021	2021	5	31	151	6.79	22.32	18.88	-999.9	0	2.33	10.8	416.41
Climat_Uzf.2021	2021	6	1	152	6.13	22.54	17.64	-999.9	0	1.67	12.6	416.41
Climat_Uzf.2021	2021	6	2	153	10.27	23.86	12.44	-999.9	0	1.53	14	416.41
Climat_Uzf.2021	2021	6	3	154	8.57	23.06	15.71	-999.9	0	1.57	13.5	416.41
Climat_Uzf.2021	2021	6	4	155	8.32	19.79	14.16	-999.9	0	3.23	11.7	416.41
Climat_Uzf.2021	2021	6	5	156	4.95	20.08	17.36	-999.9	0	3.6	11.1	416.41
Climat_Uzf.2021	2021	6	6	157	5.54	19.34	18.36	-999.9	0	3.49	11.1	416.41
Climat_Uzf.2021	2021	6	7	158	6.33	20.77	16.79	-999.9	0	3.16	12.2	416.41
Climat_Uzf.2021	2021	6	8	159	5.51	20.2	14.22	-999.9	0	2.54	12.3	416.41
Climat_Uzf.2021	2021	6	9	160	6.89	21.75	18.67	-999.9	0	1.95	12	416.41
Climat_Uzf.2021	2021	6	10	161	2.58	22.47	18.81	-999.9	0	1.84	12	416.41
Climat_Uzf.2021	2021	6	11	162	4.66	21.51	16.34	-999.9	0	2.08	10.6	416.41
Climat_Uzf.2021	2021	6	12	163	3.62	20.82	19.23	-999.9	0	2.45	11	416.41
Climat_Uzf.2021	2021	6	13	164	3.06	22.3	18.11	-999.9	0	2.37	10.3	416.41
Climat_Uzf.2021	2021	6	14	165	4.51	23.86	18.57	-999.9	0	1.7	11.2	416.41
Climat_Uzf.2021	2021	6	15	166	5.41	24.24	18.56	-999.9	0	1.41	11.6	416.41
Climat_Uzf.2021	2021	6	16	167	7.17	22.27	18.99	-999.9	0	1.62	11.5	416.41
Climat_Uzf.2021	2021	6	17	168	5.72	20.32	10.69	-999.9	0	1.15	12.7	416.41
Climat_Uzf.2021	2021	6	18	169	5.92	23.38	15.73	-999.9	0	2	12.9	416.41
Climat_Uzf.2021	2021	6	19	170	6.1	21.7	16.41	-999.9	0	3.7	12	416.41
Climat_Uzf.2021	2021	6	20	171	7.27	21.65	16.26	-999.9	0	3	12.4	416.41
Climat_Uzf.2021	2021	6	21	172	8.42	19.75	13.37	-999.9	0	2.54	12.3	416.41
Climat_Uzf.2021	2021	6	22	173	4.17	20.48	15.72	-999.9	0	1.84	12.5	416.41
Climat_Uzf.2021	2021	6	23	174	6.18	20.34	13.78	-999.9	0	1.12	12.5	416.41
Climat_Uzf.2021	2021	6	24	175	6.48	20.96	12.23	-999.9	0	1.23	12.4	416.41
Climat_Uzf.2021	2021	6	25	176	6.66	22.78	15.01	-999.9	0	1.05	11.7	416.41
Climat_Uzf.2021	2021	6	26	177	6.41	24.77	18.52	-999.9	0	1.36	10.8	416.41
Climat_Uzf.2021	2021	6	27	178	6.2	25.06	18.5	-999.9	0	1.7	10.3	416.41
Climat_Uzf.2021	2021	6	28	179	6.69	24.9	18.6	-999.9	0	1.8	10.7	416.41
Climat_Uzf.2021	2021	6	29	180	5.82	26.01	18.43	-999.9	0	1.05	9.7	416.41
Climat_Uzf.2021	2021	6	30	181	5.97	26.3	18.96	-999.9	0	0.85	9.5	416.41
Climat_Uzf.2021	2021	7	1	182	5.82	26.13	19.1	-999.9	0	1.49	9.2	416.41
Climat_Uzf.2021	2021	7	2	183	5.49	26.57	19.02	-999.9	0	2.55	8.7	416.41
Climat_Uzf.2021	2021	7	3	184	4.53	24.03	19.34	-999.9	0	2.3	9.2	416.41
Climat_Uzf.2021	2021	7	4	185	1.7	27.63	19.06	-999.9	0	1.34	7.9	416.41
Climat_Uzf.2021	2021	7	5	186	4.87	25.4	18.99	-999.9	0	2.44	8.5	416.41
Climat_Uzf.2021	2021	7	6	187	6.94	21.1	18.2	-999.9	0	3.16	10.6	416.41
Climat_Uzf.2021	2021	7	7	188	3.98	21.44	13.11	-999.9	0	2.39	12.3	416.41
Climat_Uzf.2021	2021	7	8	189	2.53	21.68	17.8	-999.9	0	2.16	10.3	416.41
Climat_Uzf.2021	2021	7	9	190	5.54	21.39	19.39	-999.9	0	1.57	9.8	416.41
Climat_Uzf.2021	2021	7	10	191	6.96	21.37	19.37	-999.9	0	2.32	11.4	416.41
Climat_Uzf.2021	2021	7	11	192	5.62	21.68	19.39	-999.9	0	2.29	11.1	416.41
Climat_Uzf.2021	2021	7	12	193	8.09	22.66	17.51	-999.9	0	2.08	13.3	416.41
Climat_Uzf.2021	2021	7	13	194	8.64	23.88	17.49	-999.9	0	1.4	13	416.41
Climat_Uzf.2021	2021	7	14	195	11.05	24.75	14.18	-999.9	0	2.55	13	416.41
Climat_Uzf.2021	2021	7	15	196	9.95	21.7	13.2	-999.9	0	4.4	13.2	416.41
Climat_Uzf.2021	2021	7	16	197	8.92	16.42	7.59	-999.9	0	3.68	12.3	416.41
Climat_Uzf.2021	2021	7	17	198	7.54	21.75	18.87	-999.9	0	2.81	10.2	416.41
Climat_Uzf.2021	2021	7	18	199	5.33	20.27	16.48	-999.9	0	2.84	8.7	416.41
Climat_Uzf.2021	2021	7	19	200	4.43	20.27	17.88	-999.9	0	2.23	9.5	416.41
Climat_Uzf.2021	2021	7	20	201	6.86	20.13	15.48	-999.9	0	1.82	10.9	416.41
Climat_Uzf.2021	2021	7	21	202	5.82	23.64	17.85	-999.9	0	0.99	11.3	416.41
Climat_Uzf.2021	2021	7	22	203	7.37	24.17	16.11	-999.9	0	1.69	9.9	416.41
Climat_Uzf.2021	2021	7	23	204	9.36	24.34	16.08	-999.9	0	3.69	8.2	416.41
Climat_Uzf.2021	2021	7	24	205	5.15	18.7	15.56	-999.9	0	4.2	9.9	416.41
Climat_Uzf.2021	2021	7	25	206	3.75	16.75	19.15	-999.9	0	3.73	9.3	416.41
Climat_Uzf.2021	2021	7	26	207	3.25	19.82	18.37	-999.9	0	3.89	9.8	416.41
Climat_Uzf.2021	2021	7	27	208	4.95	19.22	20.53	-999.9	0	3.04	9.7	416.41
Climat_Uzf.2021	2021	7	28	209	5.41	16.11	11.58	-999.9	0	2.12	10.4	416.41
Climat_Uzf.2021	2021	7	29	210	4.64	21.63	20.68	-999.9	0	1.52	10.7	416.41
Climat_Uzf.2021	2021	7	30	211	4.53	21.06	19.52	-999.9	0	3.39	10.6	416.41
Climat_Uzf.2021	2021	7	31	212	4.58	21.15	17.47	-999.9	0	3.68	12.2	416.41
Climat_Uzf.2021	2021	8	1	213	6.43	23.4	18.65	-999.9	0	2.34	12	416.41
Climat_Uzf.2021	2021	8	2	214	6.36	24.29	21.55	-999.9	0	1.59	9.7	416.41
Climat_Uzf.2021	2021	8	3	215	4.87	23.71	20.92	-999.9	0	2.62	9.1	416.41
Climat_Uzf.2021	2021	8	4	216	4.51	22.63	21.32	-999.9	0	2.19	10.1	416.41
Climat_Uzf.2021	2021	8	5	217	6.18	22.66	21.56	-999.9	0	1.08	9.7	416.41
Climat_Uzf.2021	2021	8	6	218	6.84	24.24	21.09	-999.9	0	0.96	9.2	416.41
Climat_Uzf.2021	2021	8	7	219	6.31	26.84	20.9	-999.9	0	2.56	9.6	416.41
Climat_Uzf.2021	2021	8	8	220	8.97	25.62	21.28	-999.9	0	2.28	11	416.41
Climat_Uzf.2021	2021	8	9	221	5.8	25.72	21.12	-999.9	0	1.88	10.3	416.41
Climat_Uzf.2021	2021	8	10	222	4.48	25.48	21.13	-999.9	0	3.3	9.5	416.41
Climat_Uzf.2021	2021	8	11	223	7.79	22.87	17.87	-999.9	0	3.13	13.9	416.41
Climat_Uzf.2021	2021	8	12	224	7.02	24.22	21.93	-999.9	0	1.28	13.1	416.41
Climat_Uzf.2021	2021	8	13	225	9.51	27.7	21.61	-999.9	0	2.95	11.8	416.41
Climat_Uzf.2021	2021	8	14	226	9.39	21.37	16.8	-999.9	0	4.95	14.3	416.41
Climat_Uzf.2021	2021	8	15	227	8.37	21.15	14.04	-999.9	0	3.66	12.1	416.41
Climat_Uzf.2021	2021	8	16	228	7.37	22.56	21.16	-999.9	0	3.05	11.7	416.41
Climat_Uzf.2021	2021	8	17	229	7.24	22.94	21.57	-999.9	0	2.26	11.5	416.41
Climat_Uzf.2021	2021	8	18	230	8	24.65	22.45	-999.9	0	1.28	11.7	416.41
Climat_Uzf.2021	2021	8	19	231	11.15	27.58	22.79	-999.9	0	1	10.3	416.41
Climat_Uzf.2021	2021	8	20	232	10.03	26.89	21.93	-999.9	0	2.05	10.6	416.41
Climat_Uzf.2021	2021	8	21	233	12.29	25.91	17.2	-999.9	0	3.28	11.9	416.41
Climat_Uzf.2021	2021	8	22	234	11.37	23.57	11.38	-999.9	0	2.64	16.4	416.41
Climat_Uzf.2021	2021	8	23	235	13.43	25.53	19.12	-999.9	0	3.04	15.8	416.41
Climat_Uzf.2021	2021	8	24	236	10.2	26.65	21.15	-999.9	0	2.13	15.3	416.41
Climat_Uzf.2021	2021	8	25	237	10.98	26.89	23.05	-999.9	0	2.99	12.4	416.41
Climat_Uzf.2021	2021	8	26	238	10.66	25.04	21.93	-999.9	0	4.04	12.7	416.41
Climat_Uzf.2021	2021	8	27	239	10.76	26.35	22.49	-999.9	0	3.02	12.1	416.41
Climat_Uzf.2021	2021	8	28	240	10.91	29.66	21.27	-999.9	0	1.49	11.8	416.41
Climat_Uzf.2021	2021	8	29	241	9.8	28.54	19.01	-999.9	0	4.24	13.2	416.41
Climat_Uzf.2021	2021	8	30	242	7.72	24.05	19.99	-999.9	0	3.09	13	416.41
Climat_Uzf.2021	2021	8	31	243	10.27	29.74	23.63	-999.9	0	1.67	13.8046487967169	416.41
Climat_Uzf.2021	2021	9	1	244	11.37	29.29	23.75	-999.9	0	3.16	12.3	416.41
Climat_Uzf.2021	2021	9	2	245	11.32	25.87	20.84	-999.9	0	3.74	15.2	416.41
Climat_Uzf.2021	2021	9	3	246	12.85	26.28	20.29	-999.9	0	3.16	16.5	416.41
Climat_Uzf.2021	2021	9	4	247	12.97	27.38	21.95	-999.9	0	3.27	14.6	416.41
Climat_Uzf.2021	2021	9	5	248	13.64	27.8	23.11	-999.9	0	3.06	12.8	416.41
Climat_Uzf.2021	2021	9	6	249	11.18	27.43	23.35	-999.9	0	2.81	12.4	416.41
Climat_Uzf.2021	2021	9	7	250	12.99	27.6	22.38	-999.9	0	3.08	12.8	416.41
Climat_Uzf.2021	2021	9	8	251	14.1	27.36	20.33	-999.9	0	3.62	12.9	416.41
Climat_Uzf.2021	2021	9	9	252	12.07	26.92	22.2	-999.9	0	3.5	13.4	416.41
Climat_Uzf.2021	2021	9	10	253	11.32	23.88	16	-999.9	0	4.9	14.3	416.41
Climat_Uzf.2021	2021	9	11	254	8.34	22.92	26.1	-999.9	0	4.1	11.5	416.41
Climat_Uzf.2021	2021	9	12	255	6.81	24.53	22.2	-999.9	0	2.7	12.2	416.41
Climat_Uzf.2021	2021	9	13	256	11.05	26.11	21.8	-999.9	0	2.5	13.2	416.41
Climat_Uzf.2021	2021	9	14	257	11.95	28.72	24.2	-999.9	0	2.6	13	416.41
Climat_Uzf.2021	2021	9	15	258	14.22	31.13	24	-999.9	0	2.3	12.4	416.41
Climat_Uzf.2021	2021	9	16	259	17.82	31.41	22.3	-999.9	0	2.3	11	416.41
Climat_Uzf.2021	2021	9	17	260	15.63	32.85	20	-999.9	0	2.9	13.3	416.41
Climat_Uzf.2021	2021	9	18	261	11.42	24.41	13.1	-999.9	0	5.3	15	416.41
Climat_Uzf.2021	2021	9	19	262	8.94	25.99	23.4	-999.9	0	3	13.3	416.41
Climat_Uzf.2021	2021	9	20	263	10.03	30.34	26.7	-999.9	0	2.6	11.4	416.41
Climat_Uzf.2021	2021	9	21	264	10.83	31.97	24.8	-999.9	0	2.9	9.1	416.41
Climat_Uzf.2021	2021	9	22	265	10.91	26.79	25.6	-999.9	0	4.8	13.1	416.41
Climat_Uzf.2021	2021	9	23	266	10.74	25.19	23.6	-999.9	0	4	14.2	416.41
Climat_Uzf.2021	2021	9	24	267	10.52	21.84	25.5	-999.9	0	2.2	12.7	416.41
Climat_Uzf.2021	2021	9	25	268	11.37	29.09	26.8	-999.9	0	3.2	10.3	416.41
Climat_Uzf.2021	2021	9	26	269	11.41	29.43	23.6	-999.9	0	3	10.8	416.41
Climat_Uzf.2021	2021	9	27	270	14.98	28.94	19.8	-999.9	0	3.4	13.1	416.41
Climat_Uzf.2021	2021	9	28	271	14.94	30.87	20	-999.9	1	1.9	13.5	416.41
Climat_Uzf.2021	2021	9	29	272	16.23	32.76	21.1	-999.9	0	2.6	13.5	416.41
Climat_Uzf.2021	2021	9	30	273	16.8	30.62	21.3	-999.9	0	4.6	15.1	416.41
Climat_Uzf.2021	2021	10	1	274	14.98	29.97	23.6	-999.9	1.1	3.7	15.9	416.41
Climat_Uzf.2021	2021	10	2	275	14.8	32.1	23.5	-999.9	0	2.7	13.5	416.41
Climat_Uzf.2021	2021	10	3	276	17.5	29	10.1	-999.9	0	2.2	13.8	416.41
Climat_Uzf.2021	2021	10	4	277	18.4	26.6	5.1	-999.9	3.3	3.3	18.4	416.41
Climat_Uzf.2021	2021	10	5	278	17.1	30	21.2	-999.9	0	3.8	17.8	416.41
Climat_Uzf.2021	2021	10	6	279	14.4	32.2	26.8	-999.9	0	3.5	15.2	416.41
Climat_Uzf.2021	2021	10	7	280	14.2	31.1	24.6	-999.9	0	3.7	15.4	416.41
Climat_Uzf.2021	2021	10	8	281	14.7	29.6	23.3	-999.9	0	2.6	15.4	416.41
Climat_Uzf.2021	2021	10	9	282	15.8	34.7	23.5	-999.9	0	1.5	13.4	416.41
Climat_Uzf.2021	2021	10	10	283	17.3	34.3	24	-999.9	0	4.3	13.8	416.41
Climat_Uzf.2021	2021	10	11	284	14.2	27.7	15	-999.9	0	5.6	14.4	416.41
Climat_Uzf.2021	2021	10	12	285	11	30.2	28.7	-999.9	0	2.7	10.9	416.41
Climat_Uzf.2021	2021	10	13	286	10.6	31.2	29.5	-999.9	0	2.8	7.6	416.41
Climat_Uzf.2021	2021	10	14	287	12.6	30.1	22.1	-999.9	1.5	2.8	10.2	416.41
Climat_Uzf.2021	2021	10	15	288	15.9	31.6	24.4	-999.9	0.6	2.9	14.1	416.41
Climat_Uzf.2021	2021	10	16	289	16.8	33.7	24.2	-999.9	0	2.5	14.5	416.41
Climat_Uzf.2021	2021	10	17	290	18.8	36.4	22.7	-999.9	1.4	2.4	13.9	416.41
Climat_Uzf.2021	2021	10	18	291	18.6	32.3	19.2	-999.9	3.5	4.4	17.8	416.41
Climat_Uzf.2021	2021	10	19	292	15.3	25.5	13.1	-999.9	3.9	4.9	15.7	416.41
Climat_Uzf.2021	2021	10	20	293	13	26.5	17.7	-999.9	0.7	4.4	14.7	416.41
Climat_Uzf.2021	2021	10	21	294	12.3	27.8	20.4	-999.9	0	3.2	14.2	416.41
Climat_Uzf.2021	2021	10	22	295	13.5	31.2	27.2	-999.9	0	2.2	14	416.41
Climat_Uzf.2021	2021	10	23	296	16.9	34.9	26.7	-999.9	0	1.8	14.3	416.41
Climat_Uzf.2021	2021	10	24	297	19.6	35.4	23.1	-999.9	0	2.7	15	416.41
Climat_Uzf.2021	2021	10	25	298	18.3	32	26.5	-999.9	0	5.4	17.4	416.41
Climat_Uzf.2021	2021	10	26	299	17.8	32	25.8	-999.9	0	4.7	18.8	416.41
Climat_Uzf.2021	2021	10	27	300	22.7	23.6	9.1	-999.9	0	4.5	13.6	416.41
Climat_Uzf.2021	2021	10	28	301	20.2	21	23.7	-999.9	0	4.3	14	416.41
Climat_Uzf.2021	2021	10	29	302	20	20.8	29.1	-999.9	0	2.5	12.2	416.41
Climat_Uzf.2021	2021	10	30	303	21.8	22.6	22.4	-999.9	0	1.5	12.8	416.41
Climat_Uzf.2021	2021	10	31	304	24.1	25	22.6	-999.9	0	1.8	12.5	416.41
Climat_Uzf.2021	2021	11	1	305	21.2	22.2	16.3	-999.9	0	2	15.5	416.41
Climat_Uzf.2021	2021	11	2	306	21	21.9	19.1	-999.9	10	1.2	16.3	416.41
Climat_Uzf.2021	2021	11	3	307	24.4	25.3	24.2	-999.9	0	2	13.7	416.41
Climat_Uzf.2021	2021	11	4	308	24.5	25.3	26.9	-999.9	0	4.2	13.9	416.41
Climat_Uzf.2021	2021	11	5	309	24	24.9	28	-999.9	0	3.7	11.9	416.41
Climat_Uzf.2021	2021	11	6	310	25.4	26.2	27.5	-999.9	0	3.5	10.7	416.41
Climat_Uzf.2021	2021	11	7	311	25.3	26.3	25.9	-999.9	0	3.7	9.3	416.41
Climat_Uzf.2021	2021	11	8	312	25.3	26.3	27.6	-999.9	0	3.2	8.4	416.41
Climat_Uzf.2021	2021	11	9	313	26.3	27.3	24.3	-999.9	0	2.7	10.7	416.41
Climat_Uzf.2021	2021	11	10	314	23.6	24.5	20.8	-999.9	0	4.5	16.7	416.41
Climat_Uzf.2021	2021	11	11	315	20.3	21.1	20.3	-999.9	0	3.2	17.8	416.41
Climat_Uzf.2021	2021	11	12	316	19.6	20.4	21.4	-999.9	42	2.8	17.1	416.41
Climat_Uzf.2021	2021	11	13	317	21.8	22.6	22	-999.9	0	2.8	16.9	416.41
Climat_Uzf.2021	2021	11	14	318	22.5	23.2	22	-999.9	0	3.5	15.4	416.41
Climat_Uzf.2021	2021	11	15	319	22.3	23.1	28.6	-999.9	0	3.9	14.3	416.41
Climat_Uzf.2021	2021	11	16	320	22.4	23.2	28.3	-999.9	0	3.1	14.8	416.41
Climat_Uzf.2021	2021	11	17	321	23.9	24.8	27.8	-999.9	0	3	13	416.41
Climat_Uzf.2021	2021	11	18	322	24.9	25.9	27.9	-999.9	12	2.1	11.4	416.41
Climat_Uzf.2021	2021	11	19	323	23.5	24.5	19.2	-999.9	0	2.5	14.5	416.41
Climat_Uzf.2021	2021	11	20	324	18.9	19.4	13.2	-999.9	0	2.7	17.1	416.41
Climat_Uzf.2021	2021	11	21	325	20.3	20.8	18.8	-999.9	24	3.4	17.9	416.41
Climat_Uzf.2021	2021	11	22	326	20.9	21.4	18.1	-999.9	0	3	18.6	416.41
Climat_Uzf.2021	2021	11	23	327	19.5	20.1	17.6	-999.9	20	2.3	19.4	416.41
Climat_Uzf.2021	2021	11	24	328	21.5	22.4	23.6	-999.9	24	1.8	17.4	416.41
Climat_Uzf.2021	2021	11	25	329	18.1	18.7	12.5	-999.9	12	4.2	17.9	416.41
Climat_Uzf.2021	2021	11	26	330	17.7	18.2	15.6	-999.9	2	4.2	16.4	416.41
Climat_Uzf.2021	2021	11	27	331	17.9	18.7	26.7	-999.9	0	3.8	14.4	416.41
Climat_Uzf.2021	2021	11	28	332	19.1	19.9	29.9	-999.9	0	2.5	14.3	416.41
Climat_Uzf.2021	2021	11	29	333	22.2	23.1	26.6	-999.9	0	2.5	13.8	416.41
Climat_Uzf.2021	2021	11	30	334	23.6	24.5	30.3	-999.9	0	2.8	11.5	416.41
Climat_Uzf.2021	2021	12	1	335	23.6	24.5	29.1	-999.9	0	3.3	10.8	416.41
Climat_Uzf.2021	2021	12	2	336	23.9	24.7	29.2	-999.9	0	3.3	12.1	416.41
Climat_Uzf.2021	2021	12	3	337	24	24.8	25	-999.9	0	3.5	15.9	416.41
Climat_Uzf.2021	2021	12	4	338	24.8	25.6	28.6	-999.9	0	3.8	13.4	416.41
Climat_Uzf.2021	2021	12	5	339	24.7	25.5	26	-999.9	0	3.7	13.1	416.41
Climat_Uzf.2021	2021	12	6	340	25	25.9	25.3	-999.9	0	3.3	12.8	416.41
Climat_Uzf.2021	2021	12	7	341	24.5	25.3	25.3	-999.9	0	3.7	15.6	416.41
Climat_Uzf.2021	2021	12	8	342	24.6	25.3	22.5	-999.9	0	4.4	14.1	416.41
Climat_Uzf.2021	2021	12	9	343	24.1	24.9	27.6	-999.9	0	3.7	13.1	416.41
Climat_Uzf.2021	2021	12	10	344	24.7	25.5	29.8	-999.9	0	3.9	11.5	416.41
Climat_Uzf.2021	2021	12	11	345	24.6	25.4	30.4	-999.9	0	4.1	11	416.41
Climat_Uzf.2021	2021	12	12	346	25	25.8	27.9	-999.9	0	3.7	12.8	416.41
Climat_Uzf.2021	2021	12	13	347	25.1	25.9	25.7	-999.9	0	3.9	13.2	416.41
Climat_Uzf.2021	2021	12	14	348	23.3	24.3	17.4	-999.9	0	3.5	14.7	416.41
Climat_Uzf.2021	2021	12	15	349	19.5	20	9.7	-999.9	20	2.7	17.3	416.41
Climat_Uzf.2021	2021	12	16	350	20.7	21.4	17.3	-999.9	0	2.1	18.4	416.41
Climat_Uzf.2021	2021	12	17	351	18.3	18.7	6.5	-999.9	2	1.9	18	416.41
Climat_Uzf.2021	2021	12	18	352	17.8	18.1	7.2	-999.9	32	3.5	17.5	416.41
Climat_Uzf.2021	2021	12	19	353	17.8	18.2	10.3	-999.9	0	3.2	17.2	416.41
Climat_Uzf.2021	2021	12	20	354	18.8	19.2	11.6	-999.9	0	2.7	18.2	416.41
Climat_Uzf.2021	2021	12	21	355	19.5	20	14.4	-999.9	0	3	18.5	416.41
Climat_Uzf.2021	2021	12	22	356	18.9	19.4	10.9	-999.9	0	2.6	18.6	416.41
Climat_Uzf.2021	2021	12	23	357	20.6	21.3	19.9	-999.9	0	2	19.2	416.41
Climat_Uzf.2021	2021	12	24	358	19.5	20.1	8	-999.9	0	1.3	19.3	416.41
Climat_Uzf.2021	2021	12	25	359	21.1	21.8	25.3	-999.9	12.5	2.6	18.1	416.41
Climat_Uzf.2021	2021	12	26	360	20	20.6	16.6	-999.9	0	3.2	19.2	416.41
Climat_Uzf.2021	2021	12	27	361	21.4	22	27.8	-999.9	0	2.5	19.5	416.41
Climat_Uzf.2021	2021	12	28	362	22.8	23.7	28.5	-999.9	0	1.7	18.5	416.41
Climat_Uzf.2021	2021	12	29	363	22.8	23.8	24.2	-999.9	0	1.3	17.5	416.41
Climat_Uzf.2021	2021	12	30	364	21.6	22.3	23.3	-999.9	0	1.7	17.1	416.41
Climat_Uzf.2021	2021	12	31	365	20.9	21.7	14.9	-999.9	0	1.7	17.7	416.41
